J2QFAtzaTiCPOGx1DuIvWK,364178182082951,37.734262304998,139.32208666625
J2QFAtzaTiCPOGx1DuIvWK,232376235447779,37.73390009523,139.32226090784
J2QFAtzaTiCPOGx1DuIvWK,358350352596953,37.733499209109,139.32245182437
J2QFAtzaTiCPOGx1DuIvWK,828518301141361,37.733110436099,139.32263982336
J2QFAtzaTiCPOGx1DuIvWK,2631321940510327,37.732743826764,139.3228498781
J2QFAtzaTiCPOGx1DuIvWK,201922321906006,37.732364950316,139.323089652
J2QFAtzaTiCPOGx1DuIvWK,296561095574655,37.73197510752,139.32335137152
J2QFAtzaTiCPOGx1DuIvWK,1005073390243675,37.7316186616,139.3235972722
J2QFAtzaTiCPOGx1DuIvWK,851972102358684,37.731252941798,139.32384421628
J2QFAtzaTiCPOGx1DuIvWK,567110514420486,37.730894317421,139.32410584654
J2QFAtzaTiCPOGx1DuIvWK,4629978377012650,37.730643858801,139.32465722976
J2QFAtzaTiCPOGx1DuIvWK,632268554327446,37.730378114008,139.32502287636
J2QFAtzaTiCPOGx1DuIvWK,977743736380641,37.730112193203,139.32548692501
J2QFAtzaTiCPOGx1DuIvWK,977743736380641,37.730112193203,139.32548692501
J2QFAtzaTiCPOGx1DuIvWK,577244926631958,37.729845218721,139.32595281237
J2QFAtzaTiCPOGx1DuIvWK,4153089411477501,37.729586541917,139.32640421977
J2QFAtzaTiCPOGx1DuIvWK,404630804418960,37.72931943573,139.32687033698
J2QFAtzaTiCPOGx1DuIvWK,526540365265195,37.729060495507,139.32732220406
J2QFAtzaTiCPOGx1DuIvWK,284003873493833,37.728798497999,139.32776322684
J2QFAtzaTiCPOGx1DuIvWK,355084086150640,37.728521053638,139.32816493511
J2QFAtzaTiCPOGx1DuIvWK,355084086150640,37.728521053638,139.32816493511
J2QFAtzaTiCPOGx1DuIvWK,365582878406450,37.728238007754,139.3286067917
J2QFAtzaTiCPOGx1DuIvWK,229204149209012,37.727933229908,139.32903760973
J2QFAtzaTiCPOGx1DuIvWK,163986102407324,37.727630864953,139.32946501617
J2QFAtzaTiCPOGx1DuIvWK,265835015024774,37.727332873361,139.32988624238
J2QFAtzaTiCPOGx1DuIvWK,265835015024774,37.727332873361,139.32988624238
J2QFAtzaTiCPOGx1DuIvWK,992821751452286,37.727032318068,139.33031109162
J2QFAtzaTiCPOGx1DuIvWK,193127392728983,37.726725881365,139.33074425453
J2QFAtzaTiCPOGx1DuIvWK,240246571173298,37.726427889772,139.33116547988
J2QFAtzaTiCPOGx1DuIvWK,536919260850278,37.726126882065,139.33159096864
J2QFAtzaTiCPOGx1DuIvWK,536919260850278,37.726126882065,139.33159096864
J2QFAtzaTiCPOGx1DuIvWK,253641886402823,37.725822405832,139.33202136032
J2QFAtzaTiCPOGx1DuIvWK,3210117052549030,37.725523358603,139.33244407786
J2QFAtzaTiCPOGx1DuIvWK,360787455740491,37.725219033169,139.33287425638
J2QFAtzaTiCPOGx1DuIvWK,360787455740491,37.725219033169,139.33287425638
J2QFAtzaTiCPOGx1DuIvWK,1171663683243556,37.724920890766,139.33329569489
J2QFAtzaTiCPOGx1DuIvWK,356116526093157,37.724613850846,139.33372971049
J2QFAtzaTiCPOGx1DuIvWK,150573400552176,37.724318573747,139.33414709876
J2QFAtzaTiCPOGx1DuIvWK,1179260842561223,37.724013645096,139.33457812996
J2QFAtzaTiCPOGx1DuIvWK,1179260842561223,37.724013645096,139.33457812996
J2QFAtzaTiCPOGx1DuIvWK,239918631322572,37.723713240611,139.33500277778
J2QFAtzaTiCPOGx1DuIvWK,541070357343758,37.723405295854,139.33543806065
J2QFAtzaTiCPOGx1DuIvWK,628944135163042,37.723102780098,139.33586568112
J2QFAtzaTiCPOGx1DuIvWK,603031134019256,37.7227964942,139.33629863085
J2QFAtzaTiCPOGx1DuIvWK,603031134019256,37.7227964942,139.33629863085
J2QFAtzaTiCPOGx1DuIvWK,584670396034523,37.722505741266,139.33670962401
J2QFAtzaTiCPOGx1DuIvWK,1316909532059039,37.722197645704,139.33714513179
J2QFAtzaTiCPOGx1DuIvWK,3177221609194632,37.721903424241,139.33756102787
J2QFAtzaTiCPOGx1DuIvWK,955189425047928,37.721601511704,139.33798779565
J2QFAtzaTiCPOGx1DuIvWK,955189425047928,37.721601511704,139.33798779565
J2QFAtzaTiCPOGx1DuIvWK,1886818231498355,37.721300051579,139.33841392392
J2QFAtzaTiCPOGx1DuIvWK,516649409406773,37.720999043876,139.33883941268
J2QFAtzaTiCPOGx1DuIvWK,588942992269643,37.72070029825,139.33926170388
J2QFAtzaTiCPOGx1DuIvWK,1858297707680802,37.720394464769,139.33969401411
J2QFAtzaTiCPOGx1DuIvWK,1858297707680802,37.720394464769,139.33969401411
J2QFAtzaTiCPOGx1DuIvWK,962687147625317,37.720094060284,139.34011865018
J2QFAtzaTiCPOGx1DuIvWK,241159124408240,37.719794259022,139.34054243358
J2QFAtzaTiCPOGx1DuIvWK,245813770729376,37.719485861851,139.34097836775
J2QFAtzaTiCPOGx1DuIvWK,267083221567047,37.719188925891,139.34139810085
J2QFAtzaTiCPOGx1DuIvWK,267083221567047,37.719188925891,139.34139810085
J2QFAtzaTiCPOGx1DuIvWK,551197676133645,37.718886138614,139.34182508181
J2QFAtzaTiCPOGx1DuIvWK,859830361328006,37.718581179873,139.34225717886
J2QFAtzaTiCPOGx1DuIvWK,370730627974882,37.718281981829,139.34268010958
J2QFAtzaTiCPOGx1DuIvWK,130939545874533,37.717981124928,139.34310538516
J2QFAtzaTiCPOGx1DuIvWK,130939545874533,37.717981124928,139.34310538516
J2QFAtzaTiCPOGx1DuIvWK,563304581528753,37.717680720446,139.34353002124
J2QFAtzaTiCPOGx1DuIvWK,871612227111460,37.71737699824,139.34395934708
J2QFAtzaTiCPOGx1DuIvWK,448045729514236,37.717075688927,139.34438526218
J2QFAtzaTiCPOGx1DuIvWK,197568652354384,37.716775133637,139.34481011143
J2QFAtzaTiCPOGx1DuIvWK,197568652354384,37.716775133637,139.34481011143
J2QFAtzaTiCPOGx1DuIvWK,516185316142475,37.716473975127,139.34523581336
J2QFAtzaTiCPOGx1DuIvWK,279126820684569,37.716169649699,139.34566599187
J2QFAtzaTiCPOGx1DuIvWK,525853505363049,37.715866832325,139.34609403868
J2QFAtzaTiCPOGx1DuIvWK,1044347516334420,37.715570047174,139.34651355866
J2QFAtzaTiCPOGx1DuIvWK,1044347516334420,37.715570047174,139.34651355866
J2QFAtzaTiCPOGx1DuIvWK,219826893412979,37.715266174166,139.34694444444
J2QFAtzaTiCPOGx1DuIvWK,350319960083172,37.714957626182,139.34737924496
J2QFAtzaTiCPOGx1DuIvWK,964326214301473,37.71466491278,139.34779300933
J2QFAtzaTiCPOGx1DuIvWK,1263125600785460,37.71436239702,139.3482206298
J2QFAtzaTiCPOGx1DuIvWK,1263125600785460,37.71436239702,139.3482206298
J2QFAtzaTiCPOGx1DuIvWK,273613797460557,37.714051285345,139.348660401
J2QFAtzaTiCPOGx1DuIvWK,122574736681192,37.713757063888,139.34907629708
J2QFAtzaTiCPOGx1DuIvWK,258235212569736,37.7133473484,139.34945698972
J2QFAtzaTiCPOGx1DuIvWK,3064891887130810,37.712906884499,139.349760667
J2QFAtzaTiCPOGx1DuIvWK,641318743920867,37.712465601901,139.35003437188
J2QFAtzaTiCPOGx1DuIvWK,388358132731693,37.712045676401,139.35034126712
J2QFAtzaTiCPOGx1DuIvWK,388358132731693,37.712045676401,139.35034126712
J2QFAtzaTiCPOGx1DuIvWK,873142329961376,37.711625800641,139.3506142008
J2QFAtzaTiCPOGx1DuIvWK,235873018541617,37.711200676512,139.35089852337
J2QFAtzaTiCPOGx1DuIvWK,871794080119815,37.710807894297,139.3511810861
J2QFAtzaTiCPOGx1DuIvWK,1516358812041475,37.710415968733,139.35148927168
J2QFAtzaTiCPOGx1DuIvWK,420954039312003,37.710040686817,139.35184500885
J2QFAtzaTiCPOGx1DuIvWK,955069268393693,37.709693922902,139.35220629585
J2QFAtzaTiCPOGx1DuIvWK,392037712276610,37.709360190637,139.35261411704
J2QFAtzaTiCPOGx1DuIvWK,1082207795931844,37.709035149919,139.35303582282
J2QFAtzaTiCPOGx1DuIvWK,4269228543196641,37.70873083873,139.35349494572
J2QFAtzaTiCPOGx1DuIvWK,383426353431986,37.708446002498,139.35394766979
J2QFAtzaTiCPOGx1DuIvWK,908262529903190,37.708179667637,139.35442843384
J2QFAtzaTiCPOGx1DuIvWK,887615091847016,37.707949365502,139.354918136
J2QFAtzaTiCPOGx1DuIvWK,578987269801529,37.707727342779,139.35542673108
J2QFAtzaTiCPOGx1DuIvWK,1016309562470547,37.70753309568,139.35594563544
J2QFAtzaTiCPOGx1DuIvWK,1174688749702289,37.707385971787,139.35649404998
J2QFAtzaTiCPOGx1DuIvWK,902507607007621,37.707370213549,139.35706479043
J2QFAtzaTiCPOGx1DuIvWK,2803127703318255,37.707354497355,139.3576340918
J2QFAtzaTiCPOGx1DuIvWK,4164912603557680,37.707338538131,139.35821202767
J2QFAtzaTiCPOGx1DuIvWK,550412026270845,37.707322549439,139.3587911148
J2QFAtzaTiCPOGx1DuIvWK,237274818279675,37.707290802509,139.35994094239
J2QFAtzaTiCPOGx1DuIvWK,1258114614622597,37.707274925069,139.36051600008
J2QFAtzaTiCPOGx1DuIvWK,254396803010896,37.707259063518,139.36109048215
J2QFAtzaTiCPOGx1DuIvWK,103252112066547,37.707243082771,139.36166941694
J2QFAtzaTiCPOGx1DuIvWK,877805593134981,37.707227093574,139.3622483686
J2QFAtzaTiCPOGx1DuIvWK,561356584994890,37.707211375574,139.36281766997
J2QFAtzaTiCPOGx1DuIvWK,977102823074513,37.707195450454,139.36339445457
J2QFAtzaTiCPOGx1DuIvWK,162176842662294,37.707179120053,139.36398591782
J2QFAtzaTiCPOGx1DuIvWK,1180345932478255,37.707163473067,139.36455262884
J2QFAtzaTiCPOGx1DuIvWK,399962774803740,37.707147770453,139.36512135457
J2QFAtzaTiCPOGx1DuIvWK,3004860316426791,37.707131893016,139.36569641227
J2QFAtzaTiCPOGx1DuIvWK,426229442073830,37.707115991736,139.36627233342
J2QFAtzaTiCPOGx1DuIvWK,581317453248988,37.707085978925,139.36686759027
J2QFAtzaTiCPOGx1DuIvWK,806466026700988,37.706965391682,139.36748153898
J2QFAtzaTiCPOGx1DuIvWK,806466026700988,37.706965391682,139.36748153898
J2QFAtzaTiCPOGx1DuIvWK,591179365389238,37.706829838801,139.36805230599
J2QFAtzaTiCPOGx1DuIvWK,315336016989035,37.706646333878,139.36857991266
J2QFAtzaTiCPOGx1DuIvWK,1204132426719108,37.70644818088,139.36907777778
J2QFAtzaTiCPOGx1DuIvWK,529385798370755,37.706210987191,139.36953925185
J2QFAtzaTiCPOGx1DuIvWK,885283785731176,37.705945218838,139.36996018376
J2QFAtzaTiCPOGx1DuIvWK,1686481744877148,37.705637107572,139.3703514073
J2QFAtzaTiCPOGx1DuIvWK,980271279423297,37.705313463382,139.37069244926
J2QFAtzaTiCPOGx1DuIvWK,371335771037983,37.704963928377,139.37099343372
J2QFAtzaTiCPOGx1DuIvWK,159362086248959,37.704583333333,139.3712329402
J2QFAtzaTiCPOGx1DuIvWK,528709351670174,37.703791299923,139.37157201472
J2QFAtzaTiCPOGx1DuIvWK,372178147842892,37.703376545608,139.37166666667
J2QFAtzaTiCPOGx1DuIvWK,389691075845661,37.702949876361,139.3717069332
J2QFAtzaTiCPOGx1DuIvWK,4328379213849092,37.702524789758,139.37172127536
J2QFAtzaTiCPOGx1DuIvWK,161226482757072,37.702080078882,139.3717191136
J2QFAtzaTiCPOGx1DuIvWK,969889883581240,37.7016359003,139.37172117685
J2QFAtzaTiCPOGx1DuIvWK,4233261056758044,37.701186275703,139.37172469195
J2QFAtzaTiCPOGx1DuIvWK,4204574532989017,37.700725964002,139.37172972488
J2QFAtzaTiCPOGx1DuIvWK,293072772585709,37.700267528282,139.37174078038
J2QFAtzaTiCPOGx1DuIvWK,927561341435634,37.699810612902,139.37174120551
J2QFAtzaTiCPOGx1DuIvWK,4143658305687588,37.6993648245,139.3717495069
J2QFAtzaTiCPOGx1DuIvWK,117666657271878,37.698930498157,139.37175664192
J2QFAtzaTiCPOGx1DuIvWK,185958343598631,37.698491994798,139.37175177566
J2QFAtzaTiCPOGx1DuIvWK,821156508763808,37.698021534718,139.371763028
J2QFAtzaTiCPOGx1DuIvWK,1560878644245084,37.697573369232,139.3717701967
J2QFAtzaTiCPOGx1DuIvWK,218196950239306,37.697150172001,139.3718203125
J2QFAtzaTiCPOGx1DuIvWK,281501927079046,37.696721301239,139.37190564066
J2QFAtzaTiCPOGx1DuIvWK,2799443440346447,37.696300755598,139.37202544139
J2QFAtzaTiCPOGx1DuIvWK,273845890778222,37.695865761881,139.37219001284
J2QFAtzaTiCPOGx1DuIvWK,901504630718468,37.695454877422,139.3723739351
J2QFAtzaTiCPOGx1DuIvWK,418680032906162,37.695067584481,139.37259708224
J2QFAtzaTiCPOGx1DuIvWK,2904151613234842,37.694711629438,139.37286645608
J2QFAtzaTiCPOGx1DuIvWK,525864288688102,37.69434868032,139.3731453676
J2QFAtzaTiCPOGx1DuIvWK,1496152214053541,37.6939937923,139.3734479549
J2QFAtzaTiCPOGx1DuIvWK,547597746664168,37.693674980239,139.37378034772
J2QFAtzaTiCPOGx1DuIvWK,129212076082060,37.693382243319,139.37413284439
J2QFAtzaTiCPOGx1DuIvWK,878701416076861,37.693094513349,139.37449924905
J2QFAtzaTiCPOGx1DuIvWK,1450160088688774,37.692828472819,139.37489835211
J2QFAtzaTiCPOGx1DuIvWK,5837015786373569,37.692584941041,139.37532288316
J2QFAtzaTiCPOGx1DuIvWK,609636483774826,37.692375151831,139.37577417873
J2QFAtzaTiCPOGx1DuIvWK,1086817622056584,37.692187224531,139.37624452426
J2QFAtzaTiCPOGx1DuIvWK,903227733872657,37.6920047189,139.37674094246
J2QFAtzaTiCPOGx1DuIvWK,575053017195303,37.69184490456,139.3772441776
J2QFAtzaTiCPOGx1DuIvWK,976023149853555,37.691694344238,139.37777449607
J2QFAtzaTiCPOGx1DuIvWK,1240654573118022,37.691548879448,139.3782758468
J2QFAtzaTiCPOGx1DuIvWK,105779115095110,37.691424226999,139.3787738952
J2QFAtzaTiCPOGx1DuIvWK,1158656794628893,37.691285687462,139.37931745634
J2QFAtzaTiCPOGx1DuIvWK,2612864092353189,37.691158401339,139.37984557477
J2QFAtzaTiCPOGx1DuIvWK,1280164365753745,37.69103861,139.38040378007
J2QFAtzaTiCPOGx1DuIvWK,375779607397987,37.690927861201,139.38093694256
J2QFAtzaTiCPOGx1DuIvWK,2965714773677237,37.690821236479,139.38148388852
J2QFAtzaTiCPOGx1DuIvWK,360906818833703,37.690705168702,139.38206295982
J2QFAtzaTiCPOGx1DuIvWK,542273323560460,37.690597222222,139.38262491819
J2QFAtzaTiCPOGx1DuIvWK,140756094873400,37.690485254519,139.3831615124
J2QFAtzaTiCPOGx1DuIvWK,1246684332451568,37.690383850302,139.3837017012
J2QFAtzaTiCPOGx1DuIvWK,533692904621779,37.690284711201,139.38424462016
J2QFAtzaTiCPOGx1DuIvWK,1186068625140091,37.690181168338,139.38478836704
J2QFAtzaTiCPOGx1DuIvWK,214699127258241,37.690075566397,139.38531245339
J2QFAtzaTiCPOGx1DuIvWK,133996478842766,37.689974881361,139.38581018519
J2QFAtzaTiCPOGx1DuIvWK,424144938959703,37.68987538674,139.38630422984
J2QFAtzaTiCPOGx1DuIvWK,503052724127694,37.689778943302,139.3868078185
J2QFAtzaTiCPOGx1DuIvWK,523451272070736,37.68968182464,139.38729397112
J2QFAtzaTiCPOGx1DuIvWK,100130165716339,37.689579778977,139.3877883667
J2QFAtzaTiCPOGx1DuIvWK,1250543092042463,37.689451113504,139.38833333333
J2QFAtzaTiCPOGx1DuIvWK,930031601189931,37.689325578416,139.38886577204
J2QFAtzaTiCPOGx1DuIvWK,350563820076619,37.689193463133,139.38942573038
J2QFAtzaTiCPOGx1DuIvWK,567385194386073,37.689068375254,139.3899559037
J2QFAtzaTiCPOGx1DuIvWK,544722006869907,37.688941690232,139.39049284635
J2QFAtzaTiCPOGx1DuIvWK,2745495695741579,37.688812769216,139.39103926604
J2QFAtzaTiCPOGx1DuIvWK,236564451665929,37.688687489679,139.39157025169
J2QFAtzaTiCPOGx1DuIvWK,350214603407251,37.688555885475,139.39212804385
J2QFAtzaTiCPOGx1DuIvWK,350214603407251,37.688555885475,139.39212804385
J2QFAtzaTiCPOGx1DuIvWK,606816890726629,37.688429072682,139.39266552804
J2QFAtzaTiCPOGx1DuIvWK,1942579209236121,37.688302387664,139.39320247068
J2QFAtzaTiCPOGx1DuIvWK,419560022826756,37.688174105504,139.39374618265
J2QFAtzaTiCPOGx1DuIvWK,860060171588195,37.688048442647,139.39427879293
J2QFAtzaTiCPOGx1DuIvWK,316861860128952,37.687918180043,139.39483089886
J2QFAtzaTiCPOGx1DuIvWK,158524056402785,37.687791175591,139.39536919537
J2QFAtzaTiCPOGx1DuIvWK,361204542140962,37.687660976866,139.39592103052
J2QFAtzaTiCPOGx1DuIvWK,1210377226096023,37.687534547393,139.39645689008
J2QFAtzaTiCPOGx1DuIvWK,602781764426276,37.687406456885,139.39699978973
J2QFAtzaTiCPOGx1DuIvWK,1167362997081884,37.687278174728,139.39754350169
J2QFAtzaTiCPOGx1DuIvWK,274198724056956,37.687151681368,139.39807963203
J2QFAtzaTiCPOGx1DuIvWK,284324910161040,37.687023974182,139.39862090703
J2QFAtzaTiCPOGx1DuIvWK,577390813672779,37.686895436477,139.39916666667
J2QFAtzaTiCPOGx1DuIvWK,518565579215006,37.686767920945,139.39970616479
J2QFAtzaTiCPOGx1DuIvWK,984121775708131,37.686640660951,139.40024554439
J2QFAtzaTiCPOGx1DuIvWK,984121775708131,37.686640660951,139.40024554439
J2QFAtzaTiCPOGx1DuIvWK,230054222221980,37.686512698222,139.4007879025
J2QFAtzaTiCPOGx1DuIvWK,1196624144152204,37.686383841096,139.40133405142
J2QFAtzaTiCPOGx1DuIvWK,3110998405802762,37.686257411618,139.40186991097
J2QFAtzaTiCPOGx1DuIvWK,4162468620496402,37.686129512756,139.4024119983
J2QFAtzaTiCPOGx1DuIvWK,861395924750988,37.686002061127,139.40295219023
J2QFAtzaTiCPOGx1DuIvWK,2979751452245423,37.685874737251,139.4034918406
J2QFAtzaTiCPOGx1DuIvWK,4751404044889523,37.685745752347,139.40403853107
J2QFAtzaTiCPOGx1DuIvWK,169444775285735,37.685617214648,139.40458333333
J2QFAtzaTiCPOGx1DuIvWK,421470975974164,37.685490593516,139.405119998
J2QFAtzaTiCPOGx1DuIvWK,1373230306407595,37.685361480842,139.40566723002
J2QFAtzaTiCPOGx1DuIvWK,1178080919338325,37.685235434676,139.40620146494
J2QFAtzaTiCPOGx1DuIvWK,498044997895373,37.685106513665,139.40674788464
J2QFAtzaTiCPOGx1DuIvWK,170261238535511,37.684977400993,139.40729511665
J2QFAtzaTiCPOGx1DuIvWK,1072224633518436,37.684850843743,139.40783151775
J2QFAtzaTiCPOGx1DuIvWK,174780424722418,37.684722222222,139.40837550049
J2QFAtzaTiCPOGx1DuIvWK,174780424722418,37.684722222222,139.40837550049
J2QFAtzaTiCPOGx1DuIvWK,1006560970275733,37.684596004339,139.40891163081
J2QFAtzaTiCPOGx1DuIvWK,535195004221522,37.684465613954,139.40946428571
J2QFAtzaTiCPOGx1DuIvWK,1168033330373345,37.684341867668,139.40998876538
J2QFAtzaTiCPOGx1DuIvWK,165651202333548,37.684212881884,139.41053545585
J2QFAtzaTiCPOGx1DuIvWK,1408420416219464,37.684086453289,139.41107131541
J2QFAtzaTiCPOGx1DuIvWK,1321929611560204,37.683954274117,139.41163154452
J2QFAtzaTiCPOGx1DuIvWK,635498437840926,37.683828611265,139.41216415481
J2QFAtzaTiCPOGx1DuIvWK,186866770174107,37.683703140069,139.41269595276
J2QFAtzaTiCPOGx1DuIvWK,4607557445956374,37.683573899628,139.4132437276
J2QFAtzaTiCPOGx1DuIvWK,531753394824676,37.683445745239,139.41378689675
J2QFAtzaTiCPOGx1DuIvWK,251318016661782,37.683318740791,139.41432519326
J2QFAtzaTiCPOGx1DuIvWK,389256359386787,37.683190330862,139.41486944677
J2QFAtzaTiCPOGx1DuIvWK,818688812153652,37.683062432017,139.41541153411
J2QFAtzaTiCPOGx1DuIvWK,523751365364195,37.6829348526,139.41595226757
J2QFAtzaTiCPOGx1DuIvWK,523751365364195,37.6829348526,139.41595226757
J2QFAtzaTiCPOGx1DuIvWK,354563062996447,37.682807081526,139.41649381336
J2QFAtzaTiCPOGx1DuIvWK,130569379283843,37.682678416054,139.41703914996
J2QFAtzaTiCPOGx1DuIvWK,3015840788688618,37.68255192269,139.41757528029
J2QFAtzaTiCPOGx1DuIvWK,243150957535832,37.682424087729,139.41811709684
J2QFAtzaTiCPOGx1DuIvWK,3058125837755104,37.68229593334,139.41866026727
J2QFAtzaTiCPOGx1DuIvWK,1476349792722711,37.682167715068,139.4192037037
J2QFAtzaTiCPOGx1DuIvWK,195011476001911,37.682040774507,139.4197417342
J2QFAtzaTiCPOGx1DuIvWK,365028091832021,37.681912364575,139.42028598771
J2QFAtzaTiCPOGx1DuIvWK,2890328081297189,37.681694300541,139.42074890995
J2QFAtzaTiCPOGx1DuIvWK,373139134166217,37.681453162322,139.42116693344
J2QFAtzaTiCPOGx1DuIvWK,360190695646402,37.681197216647,139.42158387728
J2QFAtzaTiCPOGx1DuIvWK,361216892157308,37.680954423747,139.42201694515
J2QFAtzaTiCPOGx1DuIvWK,3025205561133678,37.680460258448,139.4228688218
J2QFAtzaTiCPOGx1DuIvWK,933127610566114,37.680244673599,139.4233069372
J2QFAtzaTiCPOGx1DuIvWK,245924767243265,37.680043640552,139.42378557439
J2QFAtzaTiCPOGx1DuIvWK,2922893674635585,37.679866191878,139.42425170195
J2QFAtzaTiCPOGx1DuIvWK,168510102050222,37.67970940636,139.4247376092
J2QFAtzaTiCPOGx1DuIvWK,704320460414861,37.679567289851,139.425237082
J2QFAtzaTiCPOGx1DuIvWK,182254067305523,37.679447194719,139.42573694719
J2QFAtzaTiCPOGx1DuIvWK,534613111193152,37.679341304798,139.4262427495
J2QFAtzaTiCPOGx1DuIvWK,917866459138675,37.679251719978,139.42675206954
J2QFAtzaTiCPOGx1DuIvWK,228196822644366,37.679190845239,139.42724255476
J2QFAtzaTiCPOGx1DuIvWK,142911761320923,37.679144193038,139.42775431316
J2QFAtzaTiCPOGx1DuIvWK,818361118827264,37.679114295478,139.4282703732
J2QFAtzaTiCPOGx1DuIvWK,122374980033895,37.679108087117,139.42877498168
J2QFAtzaTiCPOGx1DuIvWK,620863255561222,37.679113895022,139.42926933132
J2QFAtzaTiCPOGx1DuIvWK,240170834645161,37.679135279347,139.42979359672
J2QFAtzaTiCPOGx1DuIvWK,589316485398123,37.679189880008,139.43034103873
J2QFAtzaTiCPOGx1DuIvWK,245509914095170,37.679258068,139.4309083948
J2QFAtzaTiCPOGx1DuIvWK,381828243514117,37.67937008013,139.43148388998
J2QFAtzaTiCPOGx1DuIvWK,235958768397823,37.679472707679,139.43205702816
J2QFAtzaTiCPOGx1DuIvWK,253255433281565,37.679592061981,139.43260768402
J2QFAtzaTiCPOGx1DuIvWK,229398702522077,37.679702077608,139.43316947406
J2QFAtzaTiCPOGx1DuIvWK,1159728737883379,37.679793643701,139.4337289471
J2QFAtzaTiCPOGx1DuIvWK,584274535901345,37.679867758849,139.4342898828
J2QFAtzaTiCPOGx1DuIvWK,159655659613485,37.679924295441,139.43482214544
J2QFAtzaTiCPOGx1DuIvWK,580964849939217,37.67994540976,139.43537073192
J2QFAtzaTiCPOGx1DuIvWK,3121067731460796,37.679956417151,139.43592170895
J2QFAtzaTiCPOGx1DuIvWK,2373901949420967,37.679945951722,139.43646917047
J2QFAtzaTiCPOGx1DuIvWK,885077299087061,37.679910653209,139.43699458566
