1a1vWkPJjtJ8fBxVJhFKDw,275476407639454,48.321326164875,-3.5967682477991
1a1vWkPJjtJ8fBxVJhFKDw,895281881024481,48.32126631125,-3.5967737024994
1a1vWkPJjtJ8fBxVJhFKDw,464289958190876,48.321201552798,-3.5967795344011
1a1vWkPJjtJ8fBxVJhFKDw,939845340129763,48.321144016498,-3.5967982849978
1a1vWkPJjtJ8fBxVJhFKDw,945636689589065,48.321090827299,-3.5968151744975
1a1vWkPJjtJ8fBxVJhFKDw,1313421045726045,48.320976919898,-3.5968607398997
1a1vWkPJjtJ8fBxVJhFKDw,609533800440296,48.32091639615,-3.596887040151
1a1vWkPJjtJ8fBxVJhFKDw,161167722625748,48.320855668098,-3.5969085502018
1a1vWkPJjtJ8fBxVJhFKDw,259595629188271,48.320779306998,-3.5969414450004
1a1vWkPJjtJ8fBxVJhFKDw,4215175491896529,48.320704890399,-3.596984186747
1a1vWkPJjtJ8fBxVJhFKDw,293679882416509,48.320613769952,-3.5970660000973
1a1vWkPJjtJ8fBxVJhFKDw,213520460352180,48.320579852,-3.5970924079987
1a1vWkPJjtJ8fBxVJhFKDw,846305232910368,48.320488031499,-3.5971652540025
1a1vWkPJjtJ8fBxVJhFKDw,296219452123529,48.320427703498,-3.5972136320003
1a1vWkPJjtJ8fBxVJhFKDw,1135423193632326,48.320379097802,-3.5972439675974
1a1vWkPJjtJ8fBxVJhFKDw,1453023165050790,48.320292520398,-3.5973186613914
1a1vWkPJjtJ8fBxVJhFKDw,305608221139103,48.320243055556,-3.5973600164985
1a1vWkPJjtJ8fBxVJhFKDw,138023625026263,48.320146448002,-3.5974489462976
1a1vWkPJjtJ8fBxVJhFKDw,1213390009107475,48.320090605402,-3.5975034387895
1a1vWkPJjtJ8fBxVJhFKDw,395244928254470,48.3200228996,-3.5975776523991
1a1vWkPJjtJ8fBxVJhFKDw,219549462995255,48.319941266402,-3.5976736561464
1a1vWkPJjtJ8fBxVJhFKDw,475185547031461,48.319897830601,-3.5977218772995
1a1vWkPJjtJ8fBxVJhFKDw,770458923670299,48.3198170111,-3.597807425198
1a1vWkPJjtJ8fBxVJhFKDw,258839655978386,48.319760454202,-3.5978618974994
1a1vWkPJjtJ8fBxVJhFKDw,4337783042898714,48.319689253498,-3.5979290856015
1a1vWkPJjtJ8fBxVJhFKDw,299696291692804,48.319598107362,-3.5979994428014
1a1vWkPJjtJ8fBxVJhFKDw,382209303058048,48.319545191203,-3.5980510983985
1a1vWkPJjtJ8fBxVJhFKDw,859276281325811,48.319504411002,-3.5980989690018
1a1vWkPJjtJ8fBxVJhFKDw,602441540715512,48.319444444444,-3.5981658062024
1a1vWkPJjtJ8fBxVJhFKDw,218886436415506,48.319385935998,-3.5982280400025
1a1vWkPJjtJ8fBxVJhFKDw,328981082011373,48.31933734985,-3.5982827024977
1a1vWkPJjtJ8fBxVJhFKDw,287321649598976,48.319244628597,-3.5983580013976
1a1vWkPJjtJ8fBxVJhFKDw,315246876933174,48.319166666667,-3.5984170900979
1a1vWkPJjtJ8fBxVJhFKDw,809654836648323,48.319093630999,-3.598464576894
1a1vWkPJjtJ8fBxVJhFKDw,375744947138562,48.319007575477,-3.5985525131993
1a1vWkPJjtJ8fBxVJhFKDw,265354385316573,48.318940649998,-3.5986228369974
1a1vWkPJjtJ8fBxVJhFKDw,760055331567427,48.3188698337,-3.5987075331974
1a1vWkPJjtJ8fBxVJhFKDw,170560448330506,48.318805993399,-3.598779569762
1a1vWkPJjtJ8fBxVJhFKDw,218673483106416,48.318725389001,-3.5988548770016
1a1vWkPJjtJ8fBxVJhFKDw,3981950798555252,48.318655035502,-3.598927264498
1a1vWkPJjtJ8fBxVJhFKDw,322653996232872,48.318580246914,-3.5989993074475
1a1vWkPJjtJ8fBxVJhFKDw,1223397164758579,48.318515529297,-3.5990681548012
1a1vWkPJjtJ8fBxVJhFKDw,252143246599717,48.318457481002,-3.5991249310015
1a1vWkPJjtJ8fBxVJhFKDw,766884470663997,48.3183986632,-3.5991829799981
1a1vWkPJjtJ8fBxVJhFKDw,195546379059318,48.318317029051,-3.5992813739489
1a1vWkPJjtJ8fBxVJhFKDw,841547090077990,48.318236008199,-3.5993552021987
1a1vWkPJjtJ8fBxVJhFKDw,229009088995330,48.318166063999,-3.5994230055994
1a1vWkPJjtJ8fBxVJhFKDw,921508408629614,48.318093881602,-3.5994847976023
1a1vWkPJjtJ8fBxVJhFKDw,197866978822646,48.318005918152,-3.5995254577937
1a1vWkPJjtJ8fBxVJhFKDw,828406558106536,48.3179154283,-3.5995658379003
1a1vWkPJjtJ8fBxVJhFKDw,474633683820958,48.317805320003,-3.5996266095978
1a1vWkPJjtJ8fBxVJhFKDw,458675188559798,48.317720906203,-3.5996789193977
1a1vWkPJjtJ8fBxVJhFKDw,475721390314082,48.317663398693,-3.599718789751
1a1vWkPJjtJ8fBxVJhFKDw,469765137588878,48.317571862498,-3.5997816874974
1a1vWkPJjtJ8fBxVJhFKDw,773200836893989,48.317514707598,-3.599817971999
1a1vWkPJjtJ8fBxVJhFKDw,484524429329581,48.317488411003,-3.5998214739993
1a1vWkPJjtJ8fBxVJhFKDw,181790377157145,48.317465868497,-3.5998169900007
1a1vWkPJjtJ8fBxVJhFKDw,140475294738629,48.317414311399,-3.5998073843986
1a1vWkPJjtJ8fBxVJhFKDw,316727069852476,48.317369397001,-3.5998244206021
1a1vWkPJjtJ8fBxVJhFKDw,515349756480266,48.317307424102,-3.5998412698413
1a1vWkPJjtJ8fBxVJhFKDw,852896218943119,48.317233739201,-3.5998603397918
1a1vWkPJjtJ8fBxVJhFKDw,322230659350641,48.317160305698,-3.5998700454841
1a1vWkPJjtJ8fBxVJhFKDw,163671009029874,48.3170841352,-3.5998709072003
1a1vWkPJjtJ8fBxVJhFKDw,314292853592284,48.317033672503,-3.5998799812527
1a1vWkPJjtJ8fBxVJhFKDw,2274352789364395,48.316950540498,-3.5998843894976
1a1vWkPJjtJ8fBxVJhFKDw,2942434929340666,48.316879418703,-3.5998807389015
1a1vWkPJjtJ8fBxVJhFKDw,940492856521656,48.316811180149,-3.5998722109479
1a1vWkPJjtJ8fBxVJhFKDw,747631969239888,48.316680596002,-3.5998589215997
1a1vWkPJjtJ8fBxVJhFKDw,276800180821538,48.31658561,-3.599838732999
1a1vWkPJjtJ8fBxVJhFKDw,969175033910820,48.316491157498,-3.5998187437494
1a1vWkPJjtJ8fBxVJhFKDw,215213243495049,48.316391639164,-3.5998007106028
1a1vWkPJjtJ8fBxVJhFKDw,1720846614970904,48.316289988403,-3.5997768171019
1a1vWkPJjtJ8fBxVJhFKDw,777900449784198,48.316202150402,-3.5997473722981
1a1vWkPJjtJ8fBxVJhFKDw,2983331881943752,48.316146209999,-3.5997267451989
1a1vWkPJjtJ8fBxVJhFKDw,225077839020207,48.316011511601,-3.5996573664009
1a1vWkPJjtJ8fBxVJhFKDw,828564711389944,48.315940814498,-3.5996229915007
1a1vWkPJjtJ8fBxVJhFKDw,620221788902554,48.315812008299,-3.5995629963998
1a1vWkPJjtJ8fBxVJhFKDw,971802616981405,48.315716240902,-3.5994888546025
1a1vWkPJjtJ8fBxVJhFKDw,950308149126947,48.3156302725,-3.5994185179471
1a1vWkPJjtJ8fBxVJhFKDw,292674872455386,48.315587962093,-3.5993845092009
1a1vWkPJjtJ8fBxVJhFKDw,505080150851542,48.315454677202,-3.5992720524017
1a1vWkPJjtJ8fBxVJhFKDw,1909608879214718,48.315392976589,-3.5992098827974
1a1vWkPJjtJ8fBxVJhFKDw,2943799629275970,48.315290767102,-3.5991013545515
1a1vWkPJjtJ8fBxVJhFKDw,131791468912654,48.315207040803,-3.599012943201
1a1vWkPJjtJ8fBxVJhFKDw,2787000688277056,48.315150056297,-3.5989508925004
1a1vWkPJjtJ8fBxVJhFKDw,866155277585968,48.315049752002,-3.5988312831972
1a1vWkPJjtJ8fBxVJhFKDw,811217716478997,48.314981732052,-3.5987195506527
1a1vWkPJjtJ8fBxVJhFKDw,1220987998351709,48.314952304001,-3.5986729793987
1a1vWkPJjtJ8fBxVJhFKDw,526426868729454,48.314883324998,-3.5985783412004
1a1vWkPJjtJ8fBxVJhFKDw,158501399590686,48.3147729016,-3.5984186313974
1a1vWkPJjtJ8fBxVJhFKDw,986204532120212,48.314718209002,-3.5983171990021
1a1vWkPJjtJ8fBxVJhFKDw,321363422719929,48.314651571098,-3.598147834275
1a1vWkPJjtJ8fBxVJhFKDw,736050950367776,48.314598729418,-3.5980366856012
1a1vWkPJjtJ8fBxVJhFKDw,808222959831449,48.314569699999,-3.5979757789997
1a1vWkPJjtJ8fBxVJhFKDw,1218405518578816,48.314503156602,-3.5978087543974
1a1vWkPJjtJ8fBxVJhFKDw,311730850322461,48.314465328,-3.5976914152006
1a1vWkPJjtJ8fBxVJhFKDw,314634920102095,48.314422761603,-3.5975369296
1a1vWkPJjtJ8fBxVJhFKDw,948333079331099,48.314368326098,-3.5973220411977
1a1vWkPJjtJ8fBxVJhFKDw,788822178727881,48.3143370039,-3.597214222349
1a1vWkPJjtJ8fBxVJhFKDw,373697624053288,48.314308507498,-3.5971032649962
1a1vWkPJjtJ8fBxVJhFKDw,182238780347529,48.31424749555,-3.5968906974007
1a1vWkPJjtJ8fBxVJhFKDw,1224124358044082,48.314214921601,-3.5967538432021
1a1vWkPJjtJ8fBxVJhFKDw,847554839176420,48.314184735152,-3.5966454410483
1a1vWkPJjtJ8fBxVJhFKDw,309486214008694,48.314162467601,-3.5965447796
1a1vWkPJjtJ8fBxVJhFKDw,372471747534063,48.314159572798,-3.5964769743985
1a1vWkPJjtJ8fBxVJhFKDw,538085087208065,48.314135329598,-3.5964222760001
1a1vWkPJjtJ8fBxVJhFKDw,300349218216151,48.314101909602,-3.5963147947973
1a1vWkPJjtJ8fBxVJhFKDw,305102471263091,48.314084876199,-3.5962531844013
1a1vWkPJjtJ8fBxVJhFKDw,764134097608263,48.314047178403,-3.5961448460018
1a1vWkPJjtJ8fBxVJhFKDw,279898503791917,48.314002046999,-3.5959881029987
1a1vWkPJjtJ8fBxVJhFKDw,332371984902126,48.313974557202,-3.5959018549993
1a1vWkPJjtJ8fBxVJhFKDw,781193729067239,48.313940234851,-3.5957795526473
1a1vWkPJjtJ8fBxVJhFKDw,1080720349123856,48.313900525997,-3.5956363941992
1a1vWkPJjtJ8fBxVJhFKDw,196387595546767,48.31385855515,-3.5954616353996
1a1vWkPJjtJ8fBxVJhFKDw,935695423912519,48.313824593599,-3.595336550699
1a1vWkPJjtJ8fBxVJhFKDw,501806927686041,48.313799562201,-3.5952482637617
1a1vWkPJjtJ8fBxVJhFKDw,135863981920837,48.313757038998,-3.5950712687516
1a1vWkPJjtJ8fBxVJhFKDw,5418885601515863,48.313724489796,-3.5949485715984
1a1vWkPJjtJ8fBxVJhFKDw,4076981652389421,48.313698576099,-3.5948238055993
1a1vWkPJjtJ8fBxVJhFKDw,901531637071236,48.3136737455,-3.5946839454976
1a1vWkPJjtJ8fBxVJhFKDw,525535872160716,48.313644812499,-3.5945341525006
1a1vWkPJjtJ8fBxVJhFKDw,3895644867201367,48.313615458001,-3.5944112719975
1a1vWkPJjtJ8fBxVJhFKDw,1467718843579546,48.313589703,-3.5942796039985
1a1vWkPJjtJ8fBxVJhFKDw,483598699752990,48.31355530177,-3.5941450042976
1a1vWkPJjtJ8fBxVJhFKDw,242261437689725,48.313500806198,-3.5939447164978
1a1vWkPJjtJ8fBxVJhFKDw,975258199945716,48.313482151402,-3.5938631604995
1a1vWkPJjtJ8fBxVJhFKDw,831711764105792,48.313457182798,-3.5937347623989
1a1vWkPJjtJ8fBxVJhFKDw,191389826182350,48.313421196002,-3.5935853649993
1a1vWkPJjtJ8fBxVJhFKDw,2927913937530064,48.313385615498,-3.5934214625982
1a1vWkPJjtJ8fBxVJhFKDw,944362186354683,48.313355246,-3.5932784925022
1a1vWkPJjtJ8fBxVJhFKDw,1801400853376091,48.313333333333,-3.5931736501005
1a1vWkPJjtJ8fBxVJhFKDw,481288803098243,48.313309203597,-3.5930108498973
1a1vWkPJjtJ8fBxVJhFKDw,1090028838165220,48.313297339593,-3.5929435200027
1a1vWkPJjtJ8fBxVJhFKDw,306657120912026,48.313266716798,-3.5927721950497
1a1vWkPJjtJ8fBxVJhFKDw,605201354209226,48.313249603798,-3.5926621581972
1a1vWkPJjtJ8fBxVJhFKDw,292415239192341,48.313225642598,-3.5925212240027
1a1vWkPJjtJ8fBxVJhFKDw,3961324417316248,48.3132023036,-3.5924028760019
1a1vWkPJjtJ8fBxVJhFKDw,316241756540668,48.313167197999,-3.5922332050019
1a1vWkPJjtJ8fBxVJhFKDw,3137875089799637,48.313136702552,-3.5921017769979
1a1vWkPJjtJ8fBxVJhFKDw,292934742510629,48.313117602,-3.5920178920026
1a1vWkPJjtJ8fBxVJhFKDw,323867805765381,48.313084684003,-3.5918664279993
1a1vWkPJjtJ8fBxVJhFKDw,326769595550274,48.313043484989,-3.5916708084025
1a1vWkPJjtJ8fBxVJhFKDw,3920664424691769,48.313025106998,-3.5915939711999
1a1vWkPJjtJ8fBxVJhFKDw,287338489703279,48.312995273599,-3.5914696896021
1a1vWkPJjtJ8fBxVJhFKDw,151295496969676,48.312957754952,-3.591332759598
1a1vWkPJjtJ8fBxVJhFKDw,485217296034637,48.312884240002,-3.5911445031989
1a1vWkPJjtJ8fBxVJhFKDw,1194234384346719,48.312861923599,-3.5910732683983
1a1vWkPJjtJ8fBxVJhFKDw,981982255897846,48.312821732498,-3.5909395518976
1a1vWkPJjtJ8fBxVJhFKDw,2371764939621657,48.312790260601,-3.5908443178
1a1vWkPJjtJ8fBxVJhFKDw,3975270005859553,48.312762259998,-3.5907604800025
1a1vWkPJjtJ8fBxVJhFKDw,315161356864505,48.312730660302,-3.5906399048975
1a1vWkPJjtJ8fBxVJhFKDw,395398751618439,48.312688246097,-3.5905325750019
1a1vWkPJjtJ8fBxVJhFKDw,497423168121090,48.312656459398,-3.5904503057
1a1vWkPJjtJ8fBxVJhFKDw,2867624910143885,48.312621159148,-3.5903365017026
1a1vWkPJjtJ8fBxVJhFKDw,288504449650595,48.312596356998,-3.5902350848026
1a1vWkPJjtJ8fBxVJhFKDw,291763602627082,48.312568059397,-3.5901304540012
1a1vWkPJjtJ8fBxVJhFKDw,504843190710312,48.312530678398,-3.5899754676982
1a1vWkPJjtJ8fBxVJhFKDw,330138115295135,48.312507624501,-3.5898817027977
1a1vWkPJjtJ8fBxVJhFKDw,1130041497402498,48.312495705397,-3.5898419675975
1a1vWkPJjtJ8fBxVJhFKDw,294740205463209,48.312434929397,-3.5896252212389
1a1vWkPJjtJ8fBxVJhFKDw,846476689601167,48.312398931898,-3.5895022757992
1a1vWkPJjtJ8fBxVJhFKDw,471304804197054,48.312364689999,-3.5893917124976
1a1vWkPJjtJ8fBxVJhFKDw,4085171278228434,48.312316300798,-3.5892363247863
1a1vWkPJjtJ8fBxVJhFKDw,396841001389691,48.312279944799,-3.5891541174001
1a1vWkPJjtJ8fBxVJhFKDw,164731312253588,48.312266467299,-3.5891187703481
1a1vWkPJjtJ8fBxVJhFKDw,483130842974195,48.312258666002,-3.5890293274022
1a1vWkPJjtJ8fBxVJhFKDw,213353050376212,48.312256240202,-3.5889970989002
1a1vWkPJjtJ8fBxVJhFKDw,336943547773569,48.312256897837,-3.5889522682007
1a1vWkPJjtJ8fBxVJhFKDw,475890677025289,48.312237686202,-3.5888688797493
1a1vWkPJjtJ8fBxVJhFKDw,931820184251200,48.312225484499,-3.5888480418795
1a1vWkPJjtJ8fBxVJhFKDw,4114876151913065,48.312200873362,-3.5887553924009
1a1vWkPJjtJ8fBxVJhFKDw,460185065079221,48.312192643147,-3.5887101430976
1a1vWkPJjtJ8fBxVJhFKDw,324789795706964,48.312160999202,-3.588597004398
1a1vWkPJjtJ8fBxVJhFKDw,518185142842205,48.312150512601,-3.5885577187988
1a1vWkPJjtJ8fBxVJhFKDw,818317335749650,48.312120046401,-3.5884673625988
1a1vWkPJjtJ8fBxVJhFKDw,227413112075207,48.312098689799,-3.5883931143017
1a1vWkPJjtJ8fBxVJhFKDw,1199104803854110,48.312079116002,-3.5883165519996
1a1vWkPJjtJ8fBxVJhFKDw,2605184073120618,48.312069224003,-3.588274403248
1a1vWkPJjtJ8fBxVJhFKDw,3923682451050055,48.312051908599,-3.5882006440983
1a1vWkPJjtJ8fBxVJhFKDw,320041239701307,48.312024571351,-3.5880873731024
1a1vWkPJjtJ8fBxVJhFKDw,553678386019522,48.311998969502,-3.5879912395019
1a1vWkPJjtJ8fBxVJhFKDw,207923487638827,48.311963991602,-3.5878831479975
1a1vWkPJjtJ8fBxVJhFKDw,2828647034115855,48.311941048498,-3.5877845043013
1a1vWkPJjtJ8fBxVJhFKDw,851434139059497,48.311913694597,-3.5876786045975
1a1vWkPJjtJ8fBxVJhFKDw,290981362747765,48.311887169551,-3.5875957042503
1a1vWkPJjtJ8fBxVJhFKDw,2972615803060528,48.311868394198,-3.5875249379976
1a1vWkPJjtJ8fBxVJhFKDw,296344625459553,48.311839526198,-3.5874079489997
1a1vWkPJjtJ8fBxVJhFKDw,4118121548248302,48.311808153001,-3.5872708963033
1a1vWkPJjtJ8fBxVJhFKDw,464618028176004,48.311791231902,-3.5871938220013
1a1vWkPJjtJ8fBxVJhFKDw,804481653825049,48.311769110501,-3.5870780219998
1a1vWkPJjtJ8fBxVJhFKDw,766257270749390,48.311736464199,-3.5869674819987
1a1vWkPJjtJ8fBxVJhFKDw,187202729824966,48.311718984801,-3.5868203475985
1a1vWkPJjtJ8fBxVJhFKDw,515067033189300,48.311701809502,-3.5867234874988
1a1vWkPJjtJ8fBxVJhFKDw,690522591672134,48.3117061169,-3.5866054820716
1a1vWkPJjtJ8fBxVJhFKDw,515706729796541,48.311691919192,-3.5864754707979
1a1vWkPJjtJ8fBxVJhFKDw,204647548011231,48.311650383299,-3.5864008765007
1a1vWkPJjtJ8fBxVJhFKDw,137709655062623,48.3116311374,-3.5863291495983
1a1vWkPJjtJ8fBxVJhFKDw,319335823041688,48.311612809998,-3.58625
1a1vWkPJjtJ8fBxVJhFKDw,148811487221829,48.311612347599,-3.5862217565978
1a1vWkPJjtJ8fBxVJhFKDw,129003179198960,48.311605747,-3.5861992999987
1a1vWkPJjtJ8fBxVJhFKDw,1788257034678834,48.311601987598,-3.5861976211984
1a1vWkPJjtJ8fBxVJhFKDw,1851423758348688,48.311588529299,-3.5861866725025
1a1vWkPJjtJ8fBxVJhFKDw,837414386984285,48.3115865964,-3.5861457867263
1a1vWkPJjtJ8fBxVJhFKDw,152860393477532,48.311589223403,-3.5861240724027
1a1vWkPJjtJ8fBxVJhFKDw,830146504568063,48.311560998799,-3.5860487777016
1a1vWkPJjtJ8fBxVJhFKDw,539896790509607,48.311536055923,-3.5859777214981
1a1vWkPJjtJ8fBxVJhFKDw,301567354785357,48.311513142851,-3.5859111440521
1a1vWkPJjtJ8fBxVJhFKDw,117829937024530,48.311498847403,-3.5858517172017
1a1vWkPJjtJ8fBxVJhFKDw,391727891978799,48.311470777749,-3.585744283748
1a1vWkPJjtJ8fBxVJhFKDw,549731859745926,48.311438590249,-3.5856278953519
1a1vWkPJjtJ8fBxVJhFKDw,217200933278632,48.311395220602,-3.5854811734022
1a1vWkPJjtJ8fBxVJhFKDw,526370091846961,48.311371506601,-3.5853919998013
1a1vWkPJjtJ8fBxVJhFKDw,475799763535028,48.311350543,-3.5852599489989
1a1vWkPJjtJ8fBxVJhFKDw,515248709912965,48.311315931799,-3.5851357765994
1a1vWkPJjtJ8fBxVJhFKDw,204630461346493,48.311268800999,-3.584974418998
1a1vWkPJjtJ8fBxVJhFKDw,180783460611991,48.3112296854,-3.5847957415982
1a1vWkPJjtJ8fBxVJhFKDw,520174479009576,48.311211828,-3.5847222222222
1a1vWkPJjtJ8fBxVJhFKDw,856705068268169,48.311180361605,-3.5845923883978
1a1vWkPJjtJ8fBxVJhFKDw,2803373469914053,48.311145087702,-3.5844416941694
1a1vWkPJjtJ8fBxVJhFKDw,903054946939119,48.311096750401,-3.5842394310009
1a1vWkPJjtJ8fBxVJhFKDw,4749016395115504,48.311076328401,-3.5841603535354
1a1vWkPJjtJ8fBxVJhFKDw,265192398696241,48.311037247801,-3.5839974843023
1a1vWkPJjtJ8fBxVJhFKDw,3873311322706328,48.311015718403,-3.5839155336024
1a1vWkPJjtJ8fBxVJhFKDw,348071829986596,48.310992004616,-3.5838066089512
1a1vWkPJjtJ8fBxVJhFKDw,315097050202028,48.310991483999,-3.5838028309994
1a1vWkPJjtJ8fBxVJhFKDw,1125762077933214,48.310974694901,-3.5837247781012
1a1vWkPJjtJ8fBxVJhFKDw,538159293841934,48.3109556658,-3.5836394453005
1a1vWkPJjtJ8fBxVJhFKDw,3022661754688667,48.310929898402,-3.5835339600014
1a1vWkPJjtJ8fBxVJhFKDw,1377688949284567,48.310907633597,-3.5834467816012
1a1vWkPJjtJ8fBxVJhFKDw,1055267831667048,48.310891520002,-3.5833734496008
1a1vWkPJjtJ8fBxVJhFKDw,293465252481369,48.310856634203,-3.5831919005983
1a1vWkPJjtJ8fBxVJhFKDw,2945164665718747,48.310825681501,-3.5830607799976
1a1vWkPJjtJ8fBxVJhFKDw,2834142613515704,48.310807154098,-3.5829754628013
1a1vWkPJjtJ8fBxVJhFKDw,843380039589481,48.310772563201,-3.582833203598
1a1vWkPJjtJ8fBxVJhFKDw,483135776225292,48.31073104135,-3.5826648515975
1a1vWkPJjtJ8fBxVJhFKDw,305894767754791,48.310709044,-3.5825828119987
1a1vWkPJjtJ8fBxVJhFKDw,465796087857820,48.3106607775,-3.5823781074999
1a1vWkPJjtJ8fBxVJhFKDw,785130325702755,48.3106300452,-3.5822581853977
1a1vWkPJjtJ8fBxVJhFKDw,531089061602143,48.310588802802,-3.5820833333333
1a1vWkPJjtJ8fBxVJhFKDw,2955196451387754,48.310562521999,-3.581977163202
1a1vWkPJjtJ8fBxVJhFKDw,2617498125223014,48.310511819698,-3.5818141635977
1a1vWkPJjtJ8fBxVJhFKDw,1140253266470535,48.310462485682,-3.5816303411999
1a1vWkPJjtJ8fBxVJhFKDw,156993529716386,48.310412566652,-3.5814489975999
1a1vWkPJjtJ8fBxVJhFKDw,469492627609670,48.310382274402,-3.5813270040011
1a1vWkPJjtJ8fBxVJhFKDw,984062432407902,48.310340629403,-3.5811966038025
1a1vWkPJjtJ8fBxVJhFKDw,777818346241411,48.310318403153,-3.5811171549516
1a1vWkPJjtJ8fBxVJhFKDw,924258091465130,48.310289364951,-3.5809744814473
1a1vWkPJjtJ8fBxVJhFKDw,572495117472739,48.310257995098,-3.5808206390982
1a1vWkPJjtJ8fBxVJhFKDw,938005323721522,48.310194857798,-3.5805904688014
1a1vWkPJjtJ8fBxVJhFKDw,1047670562423588,48.310177228803,-3.5805058868211
1a1vWkPJjtJ8fBxVJhFKDw,161690265916130,48.310175840201,-3.5804697195996
1a1vWkPJjtJ8fBxVJhFKDw,1141741102974901,48.310142541598,-3.5804353528003
1a1vWkPJjtJ8fBxVJhFKDw,1500229403641637,48.310096930801,-3.5802698412698
1a1vWkPJjtJ8fBxVJhFKDw,494772691736039,48.310062942201,-3.5801697962026
1a1vWkPJjtJ8fBxVJhFKDw,1210327956083848,48.3100413936,-3.5800996610024
1a1vWkPJjtJ8fBxVJhFKDw,493877042049720,48.310009914999,-3.5799516737527
1a1vWkPJjtJ8fBxVJhFKDw,503422380706947,48.309980418402,-3.5797959000009
1a1vWkPJjtJ8fBxVJhFKDw,301482271560351,48.309942798401,-3.5796191954023
1a1vWkPJjtJ8fBxVJhFKDw,908151849760337,48.3099035166,-3.5794471947195
1a1vWkPJjtJ8fBxVJhFKDw,528669804821486,48.309879393002,-3.5793598934996
1a1vWkPJjtJ8fBxVJhFKDw,485986396158808,48.309836777802,-3.5791930116992
1a1vWkPJjtJ8fBxVJhFKDw,235526231703655,48.309810153998,-3.5790932043977
1a1vWkPJjtJ8fBxVJhFKDw,310906237146045,48.309746925247,-3.5788946098484
1a1vWkPJjtJ8fBxVJhFKDw,1202159070196859,48.309722222222,-3.5787910966003
1a1vWkPJjtJ8fBxVJhFKDw,564807997818182,48.309674479167,-3.5786469406975
1a1vWkPJjtJ8fBxVJhFKDw,525550005119577,48.309599483204,-3.5784094151989
1a1vWkPJjtJ8fBxVJhFKDw,741629863181693,48.309560313299,-3.5782598966011
1a1vWkPJjtJ8fBxVJhFKDw,1440212262987340,48.309520849497,-3.5781548684996
1a1vWkPJjtJ8fBxVJhFKDw,494434138643826,48.30942338935,-3.5778709443484
1a1vWkPJjtJ8fBxVJhFKDw,295805945569452,48.309382470398,-3.5777525252525
1a1vWkPJjtJ8fBxVJhFKDw,482855469810933,48.309308297498,-3.5775845290986
1a1vWkPJjtJ8fBxVJhFKDw,838481900125580,48.309232637001,-3.5773702105014
1a1vWkPJjtJ8fBxVJhFKDw,1200816547028767,48.309178193001,-3.5772351258023
1a1vWkPJjtJ8fBxVJhFKDw,1120592671685635,48.309060363902,-3.5769610546989
1a1vWkPJjtJ8fBxVJhFKDw,4155698844525535,48.3090175368,-3.5768492459987
1a1vWkPJjtJ8fBxVJhFKDw,188565109789416,48.308938417599,-3.5766452544024
1a1vWkPJjtJ8fBxVJhFKDw,1106292999857819,48.308898342299,-3.5765472474981
1a1vWkPJjtJ8fBxVJhFKDw,204035964889168,48.308824333801,-3.576345225598
1a1vWkPJjtJ8fBxVJhFKDw,1078427979312384,48.308797822499,-3.5762614950008
1a1vWkPJjtJ8fBxVJhFKDw,790378444943316,48.308739640399,-3.5761010912487
1a1vWkPJjtJ8fBxVJhFKDw,377229520320975,48.308683122398,-3.5759860023976
1a1vWkPJjtJ8fBxVJhFKDw,1378192919220133,48.308658375002,-3.575942064998
1a1vWkPJjtJ8fBxVJhFKDw,320058086198173,48.308629773902,-3.5758615956072
1a1vWkPJjtJ8fBxVJhFKDw,986586828759069,48.308593672225,-3.5757675694986
1a1vWkPJjtJ8fBxVJhFKDw,300496488235957,48.308588,-3.575732700001
1a1vWkPJjtJ8fBxVJhFKDw,317573423276163,48.308588,-3.575732700001
1a1vWkPJjtJ8fBxVJhFKDw,939555120202417,48.308517302503,-3.5756167550012
1a1vWkPJjtJ8fBxVJhFKDw,4499412780086645,48.308498900002,-3.5755801000015
1a1vWkPJjtJ8fBxVJhFKDw,1222229011531013,48.308498900002,-3.5755801000015
1a1vWkPJjtJ8fBxVJhFKDw,746976599244704,48.308455792602,-3.5754707058022
1a1vWkPJjtJ8fBxVJhFKDw,497515711592039,48.308410311448,-3.5753596684988
1a1vWkPJjtJ8fBxVJhFKDw,860927287831187,48.308371227197,-3.5752692620012
1a1vWkPJjtJ8fBxVJhFKDw,149634017177268,48.308290694758,-3.5750921540005
1a1vWkPJjtJ8fBxVJhFKDw,798241914417045,48.308223472098,-3.5749476305018
1a1vWkPJjtJ8fBxVJhFKDw,4327503990614189,48.308127762003,-3.5747400906002
1a1vWkPJjtJ8fBxVJhFKDw,150646343741540,48.308035842294,-3.5745348466989
1a1vWkPJjtJ8fBxVJhFKDw,141465654666221,48.307914638699,-3.5742749837974
1a1vWkPJjtJ8fBxVJhFKDw,800256310604278,48.307865525549,-3.5741697559469
1a1vWkPJjtJ8fBxVJhFKDw,1185783081892395,48.307761024903,-3.5739674138018
1a1vWkPJjtJ8fBxVJhFKDw,390868652505390,48.307712270403,-3.5738637229987
1a1vWkPJjtJ8fBxVJhFKDw,1210514652738018,48.307632426002,-3.5736751785023
1a1vWkPJjtJ8fBxVJhFKDw,219772829954964,48.307557939597,-3.5735218421473
1a1vWkPJjtJ8fBxVJhFKDw,467690330976566,48.307463654002,-3.573310670001
1a1vWkPJjtJ8fBxVJhFKDw,523908958984366,48.307412457503,-3.5732083442997
1a1vWkPJjtJ8fBxVJhFKDw,292894569236260,48.307314814815,-3.5730474140495
1a1vWkPJjtJ8fBxVJhFKDw,1422888288051522,48.307230024048,-3.5729147992473
1a1vWkPJjtJ8fBxVJhFKDw,4021765987937987,48.307105629552,-3.5727606364525
1a1vWkPJjtJ8fBxVJhFKDw,993037368106483,48.3069980621,-3.5726439679024
1a1vWkPJjtJ8fBxVJhFKDw,776159093268497,48.306932801902,-3.5725774765987
1a1vWkPJjtJ8fBxVJhFKDw,894687014448250,48.306826335502,-3.5724914483026
1a1vWkPJjtJ8fBxVJhFKDw,296377602158563,48.306713976248,-3.5723981650009
1a1vWkPJjtJ8fBxVJhFKDw,1540319696299984,48.306637767503,-3.5723330074943
1a1vWkPJjtJ8fBxVJhFKDw,472363197403270,48.3065984,-3.5723005999975
1a1vWkPJjtJ8fBxVJhFKDw,1118464728623215,48.306532975997,-3.5722572779975
1a1vWkPJjtJ8fBxVJhFKDw,3505265062908513,48.306470502901,-3.5722419686508
1a1vWkPJjtJ8fBxVJhFKDw,180643227279764,48.306437804798,-3.5722222222222
1a1vWkPJjtJ8fBxVJhFKDw,4384470948253835,48.306342450802,-3.5721854860011
1a1vWkPJjtJ8fBxVJhFKDw,798474074439761,48.306232372497,-3.5721501349979
1a1vWkPJjtJ8fBxVJhFKDw,664149974424160,48.306157487923,-3.5721233359982
1a1vWkPJjtJ8fBxVJhFKDw,529005731453378,48.306021695199,-3.5720694759981
1a1vWkPJjtJ8fBxVJhFKDw,158610046270679,48.305963166998,-3.5720496201987
1a1vWkPJjtJ8fBxVJhFKDw,754641165217880,48.305790782598,-3.5720198756008
1a1vWkPJjtJ8fBxVJhFKDw,486410659271928,48.305670120998,-3.5720019306977
1a1vWkPJjtJ8fBxVJhFKDw,1081961768994871,48.305537595399,-3.5720006539997
1a1vWkPJjtJ8fBxVJhFKDw,269550768227134,48.305406228998,-3.572003600823
1a1vWkPJjtJ8fBxVJhFKDw,1423847514636547,48.30526867031,-3.5720146949995
1a1vWkPJjtJ8fBxVJhFKDw,148186667289835,48.305129276802,-3.5720158447977
1a1vWkPJjtJ8fBxVJhFKDw,270800658116626,48.3049848112,-3.5720135112023
1a1vWkPJjtJ8fBxVJhFKDw,2897112100545157,48.304835730501,-3.5720158520018
1a1vWkPJjtJ8fBxVJhFKDw,300774838046530,48.3047329196,-3.572013408002
1a1vWkPJjtJ8fBxVJhFKDw,315280806765422,48.304557958801,-3.5719702604003
1a1vWkPJjtJ8fBxVJhFKDw,771591473549640,48.304462778502,-3.5719254129976
1a1vWkPJjtJ8fBxVJhFKDw,918336399019814,48.304331902099,-3.5718425120475
1a1vWkPJjtJ8fBxVJhFKDw,894070994487974,48.304171549002,-3.5717486091994
1a1vWkPJjtJ8fBxVJhFKDw,210197577386710,48.304084934503,-3.5716976649999
1a1vWkPJjtJ8fBxVJhFKDw,2823124517999697,48.303994974,-3.5716299729996
1a1vWkPJjtJ8fBxVJhFKDw,3980116462084283,48.303849072052,-3.5714920969521
1a1vWkPJjtJ8fBxVJhFKDw,1967571903390326,48.303763075502,-3.5713854541854
1a1vWkPJjtJ8fBxVJhFKDw,179208840777989,48.303660873601,-3.5712244871991
1a1vWkPJjtJ8fBxVJhFKDw,1126492547844914,48.3035720953,-3.5710662455005
1a1vWkPJjtJ8fBxVJhFKDw,2561615880799667,48.303441384898,-3.5708205807981
1a1vWkPJjtJ8fBxVJhFKDw,310028257317131,48.303398704,-3.5707272640009
1a1vWkPJjtJ8fBxVJhFKDw,811570816166963,48.303323747998,-3.5705309226
1a1vWkPJjtJ8fBxVJhFKDw,142594611230913,48.303258822,-3.5703327340004
1a1vWkPJjtJ8fBxVJhFKDw,523709595299746,48.303208077402,-3.5701545429978
1a1vWkPJjtJ8fBxVJhFKDw,4113559918702968,48.303150222001,-3.5699725859986
1a1vWkPJjtJ8fBxVJhFKDw,279412537214747,48.303081100403,-3.5697552910053
1a1vWkPJjtJ8fBxVJhFKDw,347999053337903,48.3030382828,-3.5695473745976
1a1vWkPJjtJ8fBxVJhFKDw,506856297115251,48.302969313648,-3.5692749357973
1a1vWkPJjtJ8fBxVJhFKDw,156357409782113,48.302943557499,-3.5692117700011
1a1vWkPJjtJ8fBxVJhFKDw,476706836913211,48.302917364601,-3.5691121139985
1a1vWkPJjtJ8fBxVJhFKDw,313584820341975,48.302894900003,-3.5690395
1a1vWkPJjtJ8fBxVJhFKDw,922704105242310,48.302883900002,-3.5689562000026
1a1vWkPJjtJ8fBxVJhFKDw,1028924554303833,48.302883979198,-3.5689549903981
1a1vWkPJjtJ8fBxVJhFKDw,783376182567542,48.3028786341,-3.5689172816986
1a1vWkPJjtJ8fBxVJhFKDw,211668547228221,48.302862580853,-3.5688677476003
1a1vWkPJjtJ8fBxVJhFKDw,530406624999324,48.302842687397,-3.5687996199987
1a1vWkPJjtJ8fBxVJhFKDw,489569692161177,48.302827073402,-3.5687365430994
1a1vWkPJjtJ8fBxVJhFKDw,1580363428823819,48.302817289,-3.5686726109984
1a1vWkPJjtJ8fBxVJhFKDw,255348576367278,48.302809388149,-3.5686195286195
1a1vWkPJjtJ8fBxVJhFKDw,289786492817441,48.302788177449,-3.5685526581003
1a1vWkPJjtJ8fBxVJhFKDw,151857566913800,48.302780528053,-3.5684815299994
1a1vWkPJjtJ8fBxVJhFKDw,209156254178843,48.302780528053,-3.5684681181017
1a1vWkPJjtJ8fBxVJhFKDw,1153710268477141,48.3027317589,-3.5683250334022
1a1vWkPJjtJ8fBxVJhFKDw,2960183374306084,48.302701702402,-3.5682362924019
1a1vWkPJjtJ8fBxVJhFKDw,148517543955935,48.302660866749,-3.5680768312482
1a1vWkPJjtJ8fBxVJhFKDw,4347889755221636,48.302632055197,-3.5679408393974
1a1vWkPJjtJ8fBxVJhFKDw,2916121685364588,48.302590311501,-3.5677746184505
1a1vWkPJjtJ8fBxVJhFKDw,845536659365314,48.302546296296,-3.5675983404025
1a1vWkPJjtJ8fBxVJhFKDw,834886584114658,48.302519642598,-3.5675071843976
1a1vWkPJjtJ8fBxVJhFKDw,1905889092911449,48.3024732876,-3.5673319722013
1a1vWkPJjtJ8fBxVJhFKDw,871156300417776,48.302421805206,-3.5671399136145
1a1vWkPJjtJ8fBxVJhFKDw,737202610280148,48.302370271901,-3.566958895601
1a1vWkPJjtJ8fBxVJhFKDw,469909967451968,48.3023184768,-3.5667761509978
1a1vWkPJjtJ8fBxVJhFKDw,1362801640767620,48.302260912598,-3.5665988885991
1a1vWkPJjtJ8fBxVJhFKDw,203410248264963,48.302199362,-3.566420302002
1a1vWkPJjtJ8fBxVJhFKDw,760521791278523,48.302121475402,-3.5662117507977
1a1vWkPJjtJ8fBxVJhFKDw,541746616816304,48.302060415002,-3.5660876475002
1a1vWkPJjtJ8fBxVJhFKDw,988922388546714,48.3019863454,-3.5659077743998
1a1vWkPJjtJ8fBxVJhFKDw,580706089559029,48.301890546002,-3.5656951423786
1a1vWkPJjtJ8fBxVJhFKDw,797253894562851,48.301823541798,-3.5655658487044
1a1vWkPJjtJ8fBxVJhFKDw,610419107026414,48.301726079898,-3.5654029411026
1a1vWkPJjtJ8fBxVJhFKDw,4237318146326123,48.3015964032,-3.5652094176027
1a1vWkPJjtJ8fBxVJhFKDw,1130010370820344,48.301488490202,-3.5650520383002
1a1vWkPJjtJ8fBxVJhFKDw,1837069519799715,48.301408425997,-3.5649269985996
1a1vWkPJjtJ8fBxVJhFKDw,501207987686313,48.3013062954,-3.5647664877993
1a1vWkPJjtJ8fBxVJhFKDw,326658282140674,48.301165691001,-3.5645389420013
1a1vWkPJjtJ8fBxVJhFKDw,1622586754602739,48.3010934808,-3.5644258916017
1a1vWkPJjtJ8fBxVJhFKDw,154718026555559,48.300973472,-3.5642225587989
1a1vWkPJjtJ8fBxVJhFKDw,1137045453466782,48.300925279698,-3.5641410545978
1a1vWkPJjtJ8fBxVJhFKDw,155697213188328,48.300798522652,-3.5639566857491
1a1vWkPJjtJ8fBxVJhFKDw,790551414930988,48.300691514,-3.563787774998
1a1vWkPJjtJ8fBxVJhFKDw,1069483573578973,48.3006638,-3.5637436
1a1vWkPJjtJ8fBxVJhFKDw,508057370607884,48.3006638,-3.5637436
1a1vWkPJjtJ8fBxVJhFKDw,315563600016395,48.300602618002,-3.5636736240024
1a1vWkPJjtJ8fBxVJhFKDw,373201594121138,48.300562163102,-3.5636047589026
1a1vWkPJjtJ8fBxVJhFKDw,337124377778853,48.300521251401,-3.5635432237996
1a1vWkPJjtJ8fBxVJhFKDw,296538561947236,48.300462962963,-3.5634499212486
1a1vWkPJjtJ8fBxVJhFKDw,183291506999850,48.3004246439,-3.5633939731027
1a1vWkPJjtJ8fBxVJhFKDw,2921262081493225,48.300345935599,-3.5632839835996
1a1vWkPJjtJ8fBxVJhFKDw,482208719501068,48.3002376744,-3.5631213494015
1a1vWkPJjtJ8fBxVJhFKDw,502226054167639,48.30018433455,-3.5630389438518
1a1vWkPJjtJ8fBxVJhFKDw,1176386476107723,48.300091723799,-3.5629173646008
1a1vWkPJjtJ8fBxVJhFKDw,520505845618375,48.299982528801,-3.5627511623991
1a1vWkPJjtJ8fBxVJhFKDw,4219885091395950,48.299859874298,-3.5625375162523
1a1vWkPJjtJ8fBxVJhFKDw,2933644013574829,48.299764519601,-3.5623846351974
1a1vWkPJjtJ8fBxVJhFKDw,773253210220516,48.299701110501,-3.5622833904999
1a1vWkPJjtJ8fBxVJhFKDw,2766135413699388,48.299597620698,-3.5621186721011
1a1vWkPJjtJ8fBxVJhFKDw,1145399635968053,48.299472351198,-3.5619065242018
1a1vWkPJjtJ8fBxVJhFKDw,196508448871265,48.299415284798,-3.5618151363992
1a1vWkPJjtJ8fBxVJhFKDw,1063261014167200,48.2993187975,-3.5616876500007
1a1vWkPJjtJ8fBxVJhFKDw,583891092562253,48.299241724403,-3.5615915701989
1a1vWkPJjtJ8fBxVJhFKDw,456596965643097,48.299205387205,-3.5615404342982
1a1vWkPJjtJ8fBxVJhFKDw,4104432342981210,48.299112173598,-3.5613983726016
1a1vWkPJjtJ8fBxVJhFKDw,573977643568871,48.299099300001,-3.5613779000011
1a1vWkPJjtJ8fBxVJhFKDw,271199238039768,48.299099300001,-3.5613779000011
1a1vWkPJjtJ8fBxVJhFKDw,898184807706425,48.299041284002,-3.5612757275014
1a1vWkPJjtJ8fBxVJhFKDw,781038416136404,48.299016900003,-3.5612455
1a1vWkPJjtJ8fBxVJhFKDw,176629937707003,48.299016900003,-3.5612455
1a1vWkPJjtJ8fBxVJhFKDw,250083913538132,48.29897019149,-3.5611630657506
1a1vWkPJjtJ8fBxVJhFKDw,925854254652912,48.298928344801,-3.561106803995
1a1vWkPJjtJ8fBxVJhFKDw,171986814839434,48.298901028003,-3.5610572510016
1a1vWkPJjtJ8fBxVJhFKDw,295298788914072,48.298821941501,-3.5609448854979
1a1vWkPJjtJ8fBxVJhFKDw,1374915359559233,48.298754725002,-3.5608474750016
1a1vWkPJjtJ8fBxVJhFKDw,190448576271637,48.298709694399,-3.5607782182026
1a1vWkPJjtJ8fBxVJhFKDw,815526042414903,48.298560480002,-3.5605493959997
1a1vWkPJjtJ8fBxVJhFKDw,505358890804997,48.298500521999,-3.5604521276596
1a1vWkPJjtJ8fBxVJhFKDw,1296885217373359,48.298396395551,-3.5603279793495
1a1vWkPJjtJ8fBxVJhFKDw,896767924203674,48.298302107052,-3.5601796325982
1a1vWkPJjtJ8fBxVJhFKDw,805732700048812,48.298214220602,-3.5599625263995
1a1vWkPJjtJ8fBxVJhFKDw,315426296659099,48.298112687998,-3.5598043552007
1a1vWkPJjtJ8fBxVJhFKDw,1123962148126025,48.2979552036,-3.5595736795984
1a1vWkPJjtJ8fBxVJhFKDw,808178256799552,48.297887893503,-3.5594712808013
1a1vWkPJjtJ8fBxVJhFKDw,637212397679099,48.297784195997,-3.5593123094974
1a1vWkPJjtJ8fBxVJhFKDw,171791691530071,48.2976647577,-3.5591242525993
1a1vWkPJjtJ8fBxVJhFKDw,502399357777412,48.297571712097,-3.5589861892989
1a1vWkPJjtJ8fBxVJhFKDw,2864585123791303,48.297459757998,-3.5588167085016
1a1vWkPJjtJ8fBxVJhFKDw,470764597485383,48.297361111111,-3.5586807331628
1a1vWkPJjtJ8fBxVJhFKDw,919582922163350,48.297273010003,-3.5585551287523
1a1vWkPJjtJ8fBxVJhFKDw,4142642005783783,48.297183224802,-3.5584256120527
1a1vWkPJjtJ8fBxVJhFKDw,4165973763462797,48.297076313002,-3.5582648169986
1a1vWkPJjtJ8fBxVJhFKDw,809638989972878,48.296993633,-3.5581423899023
1a1vWkPJjtJ8fBxVJhFKDw,937878323721644,48.296919052801,-3.5580195260027
1a1vWkPJjtJ8fBxVJhFKDw,197442752201344,48.296882953799,-3.5579581797997
1a1vWkPJjtJ8fBxVJhFKDw,1539400246230622,48.296816745549,-3.5578493920515
1a1vWkPJjtJ8fBxVJhFKDw,2844373685825200,48.296763970601,-3.5577750275028
1a1vWkPJjtJ8fBxVJhFKDw,1069237083603869,48.296733147498,-3.5577300134999
1a1vWkPJjtJ8fBxVJhFKDw,837232490223157,48.296690271651,-3.557658426802
1a1vWkPJjtJ8fBxVJhFKDw,2869656913249168,48.296649893349,-3.5575971816483
1a1vWkPJjtJ8fBxVJhFKDw,3028099624093428,48.296607610502,-3.5575389232487
1a1vWkPJjtJ8fBxVJhFKDw,1168022493642550,48.296535923001,-3.5574374370009
1a1vWkPJjtJ8fBxVJhFKDw,242453177677415,48.296483129397,-3.5573632507009
1a1vWkPJjtJ8fBxVJhFKDw,846908272910815,48.296453202399,-3.5573163223977
1a1vWkPJjtJ8fBxVJhFKDw,340053427463766,48.296384837797,-3.5572149796011
1a1vWkPJjtJ8fBxVJhFKDw,1376607942739124,48.296346821249,-3.5571568072516
1a1vWkPJjtJ8fBxVJhFKDw,855178695344804,48.296296296296,-3.5570709399996
1a1vWkPJjtJ8fBxVJhFKDw,567896500849974,48.296253174399,-3.5570027844073
1a1vWkPJjtJ8fBxVJhFKDw,1081351288940771,48.2962074064,-3.5569340588011
1a1vWkPJjtJ8fBxVJhFKDw,2009306262541428,48.296160696602,-3.5568571688027
1a1vWkPJjtJ8fBxVJhFKDw,280796200437742,48.296102954901,-3.5567843411015
1a1vWkPJjtJ8fBxVJhFKDw,493743958492147,48.296066487201,-3.5567412466504
1a1vWkPJjtJ8fBxVJhFKDw,474082616995216,48.295995945,-3.5566441175021
1a1vWkPJjtJ8fBxVJhFKDw,220629349533983,48.29596937175,-3.5565981812517
1a1vWkPJjtJ8fBxVJhFKDw,623549632380399,48.295914649994,-3.5565188475008
1a1vWkPJjtJ8fBxVJhFKDw,1676487795887905,48.295849106302,-3.5564233490006
1a1vWkPJjtJ8fBxVJhFKDw,507839830253086,48.295798435899,-3.556361901399
1a1vWkPJjtJ8fBxVJhFKDw,962428654510025,48.295749495999,-3.5562873343979
1a1vWkPJjtJ8fBxVJhFKDw,1389688208072802,48.295703956502,-3.5562201724999
1a1vWkPJjtJ8fBxVJhFKDw,458742715218960,48.2956694196,-3.5561793332021
1a1vWkPJjtJ8fBxVJhFKDw,187375739922317,48.295585425001,-3.5561233999978
1a1vWkPJjtJ8fBxVJhFKDw,4266402086705606,48.295546769103,-3.5561075147003
1a1vWkPJjtJ8fBxVJhFKDw,182347123771513,48.295465659203,-3.5560339293022
1a1vWkPJjtJ8fBxVJhFKDw,160111126057104,48.295434517198,-3.5560007022472
1a1vWkPJjtJ8fBxVJhFKDw,815849789363197,48.295368286998,-3.555918020601
1a1vWkPJjtJ8fBxVJhFKDw,767635273955599,48.295331549003,-3.5558852708027
1a1vWkPJjtJ8fBxVJhFKDw,1031845087649505,48.295257652002,-3.5558007719996
1a1vWkPJjtJ8fBxVJhFKDw,497877911648836,48.295228374197,-3.5557626663984
1a1vWkPJjtJ8fBxVJhFKDw,381979399764303,48.295158301599,-3.5556759225796
1a1vWkPJjtJ8fBxVJhFKDw,327811938736937,48.295113112802,-3.5556037199973
1a1vWkPJjtJ8fBxVJhFKDw,2983759221859504,48.295075308579,-3.5555502377992
1a1vWkPJjtJ8fBxVJhFKDw,238619084685091,48.294987720999,-3.5554295476018
1a1vWkPJjtJ8fBxVJhFKDw,320627716161120,48.294953368198,-3.5553914798001
1a1vWkPJjtJ8fBxVJhFKDw,432891734445272,48.294916017602,-3.5553395552025
1a1vWkPJjtJ8fBxVJhFKDw,489761798960821,48.294902931448,-3.5553034708015
1a1vWkPJjtJ8fBxVJhFKDw,467240231006631,48.294878499699,-3.5552596498026
1a1vWkPJjtJ8fBxVJhFKDw,488153512414041,48.294808745998,-3.5551751100012
1a1vWkPJjtJ8fBxVJhFKDw,112146700947990,48.294786580998,-3.5551328736019
1a1vWkPJjtJ8fBxVJhFKDw,4070559736355721,48.294781985,-3.555009485701
1a1vWkPJjtJ8fBxVJhFKDw,304819357953595,48.294761904762,-3.5549064361989
1a1vWkPJjtJ8fBxVJhFKDw,493258678755836,48.294717330052,-3.5548357037487
1a1vWkPJjtJ8fBxVJhFKDw,232333175331602,48.2946497023,-3.5547648280015
1a1vWkPJjtJ8fBxVJhFKDw,512598186441111,48.294614302998,-3.5547194719472
1a1vWkPJjtJ8fBxVJhFKDw,476095033719521,48.294322855202,-3.5547370514026
1a1vWkPJjtJ8fBxVJhFKDw,312714156970624,48.294271551998,-3.5547589296027
1a1vWkPJjtJ8fBxVJhFKDw,202650938368074,48.294199365602,-3.5547958688025
1a1vWkPJjtJ8fBxVJhFKDw,176276174401264,48.294115414599,-3.5548343440975
1a1vWkPJjtJ8fBxVJhFKDw,1925413790943966,48.2940345079,-3.5548728198017
1a1vWkPJjtJ8fBxVJhFKDw,807895743467814,48.293950942202,-3.5549111338973
1a1vWkPJjtJ8fBxVJhFKDw,571310197164192,48.293900254001,-3.5549339356026
