1a1vWkPJjtJ8fBxVJhFKDw,6mvmqd2hd0f9npy8kh5lpx,275476407639454,1202326506904469,48.321326164875,-3.5967682477991,48.321310890001,-3.5968303080308
1a1vWkPJjtJ8fBxVJhFKDw,6mvmqd2hd0f9npy8kh5lpx,895281881024481,1202326506904469,48.32126631125,-3.5967737024994,48.321310890001,-3.5968303080308
1a1vWkPJjtJ8fBxVJhFKDw,6mvmqd2hd0f9npy8kh5lpx,464289958190876,292491322594640,48.321201552798,-3.5967795344011,48.321226137971,-3.5968458614999
1a1vWkPJjtJ8fBxVJhFKDw,6mvmqd2hd0f9npy8kh5lpx,939845340129763,539987983846310,48.321144016498,-3.5967982849978,48.321153193498,-3.5968575455004
1a1vWkPJjtJ8fBxVJhFKDw,6mvmqd2hd0f9npy8kh5lpx,945636689589065,507013683986118,48.321090827299,-3.5968151744975,48.321071963997,-3.5968735256996
1a1vWkPJjtJ8fBxVJhFKDw,6mvmqd2hd0f9npy8kh5lpx,1313421045726045,314490133478052,48.320976919898,-3.5968607398997,48.320997159997,-3.5969028039997
1a1vWkPJjtJ8fBxVJhFKDw,6mvmqd2hd0f9npy8kh5lpx,609533800440296,302389971424843,48.32091639615,-3.596887040151,48.320925925926,-3.5969304395512
1a1vWkPJjtJ8fBxVJhFKDw,6mvmqd2hd0f9npy8kh5lpx,161167722625748,481958879751269,48.320855668098,-3.5969085502018,48.320844223251,-3.5969649680506
1a1vWkPJjtJ8fBxVJhFKDw,6mvmqd2hd0f9npy8kh5lpx,259595629188271,230838705065988,48.320779306998,-3.5969414450004,48.32075904351,-3.5970064904021
1a1vWkPJjtJ8fBxVJhFKDw,6mvmqd2hd0f9npy8kh5lpx,4215175491896529,230838705065988,48.320704890399,-3.596984186747,48.32075904351,-3.5970064904021
1a1vWkPJjtJ8fBxVJhFKDw,6mvmqd2hd0f9npy8kh5lpx,293679882416509,3353994684703562,48.320613769952,-3.5970660000973,48.320609297699,-3.5971199743974
1a1vWkPJjtJ8fBxVJhFKDw,6mvmqd2hd0f9npy8kh5lpx,213520460352180,3353994684703562,48.320579852,-3.5970924079987,48.320609297699,-3.5971199743974
1a1vWkPJjtJ8fBxVJhFKDw,6mvmqd2hd0f9npy8kh5lpx,846305232910368,601469817495771,48.320488031499,-3.5971652540025,48.320474967998,-3.5972092984019
1a1vWkPJjtJ8fBxVJhFKDw,6mvmqd2hd0f9npy8kh5lpx,296219452123529,3934768533297641,48.320427703498,-3.5972136320003,48.320409724183,-3.5972606130009
1a1vWkPJjtJ8fBxVJhFKDw,6mvmqd2hd0f9npy8kh5lpx,1135423193632326,3934768533297641,48.320379097802,-3.5972439675974,48.320409724183,-3.5972606130009
1a1vWkPJjtJ8fBxVJhFKDw,6mvmqd2hd0f9npy8kh5lpx,1453023165050790,506602747426943,48.320292520398,-3.5973186613914,48.320277777778,-3.5973816737997
1a1vWkPJjtJ8fBxVJhFKDw,6mvmqd2hd0f9npy8kh5lpx,305608221139103,506602747426943,48.320243055556,-3.5973600164985,48.320277777778,-3.5973816737997
1a1vWkPJjtJ8fBxVJhFKDw,6mvmqd2hd0f9npy8kh5lpx,138023625026263,515890126261535,48.320146448002,-3.5974489462976,48.320128479352,-3.5975145213021
1a1vWkPJjtJ8fBxVJhFKDw,6mvmqd2hd0f9npy8kh5lpx,1213390009107475,515890126261535,48.320090605402,-3.5975034387895,48.320128479352,-3.5975145213021
1a1vWkPJjtJ8fBxVJhFKDw,6mvmqd2hd0f9npy8kh5lpx,395244928254470,813490579573396,48.3200228996,-3.5975776523991,48.320043488802,-3.5975952879988
1a1vWkPJjtJ8fBxVJhFKDw,6mvmqd2hd0f9npy8kh5lpx,219549462995255,2886871878245181,48.319941266402,-3.5976736561464,48.319929741602,-3.5976801232027
1a1vWkPJjtJ8fBxVJhFKDw,6mvmqd2hd0f9npy8kh5lpx,475185547031461,951234432302619,48.319897830601,-3.5977218772995,48.319873484197,-3.5977470031027
1a1vWkPJjtJ8fBxVJhFKDw,6mvmqd2hd0f9npy8kh5lpx,770458923670299,507625047048556,48.3198170111,-3.597807425198,48.319829929502,-3.5978113371504
1a1vWkPJjtJ8fBxVJhFKDw,6mvmqd2hd0f9npy8kh5lpx,258839655978386,1644370049286548,48.319760454202,-3.5978618974994,48.319752391898,-3.5978748609975
1a1vWkPJjtJ8fBxVJhFKDw,6mvmqd2hd0f9npy8kh5lpx,4337783042898714,3004729266423794,48.319689253498,-3.5979290856015,48.319695378252,-3.5979291084991
1a1vWkPJjtJ8fBxVJhFKDw,6mvmqd2hd0f9npy8kh5lpx,299696291692804,470255810724807,48.319598107362,-3.5979994428014,48.319596201399,-3.598040545399
1a1vWkPJjtJ8fBxVJhFKDw,6mvmqd2hd0f9npy8kh5lpx,382209303058048,819178625650116,48.319545191203,-3.5980510983985,48.319537620597,-3.5981064482007
1a1vWkPJjtJ8fBxVJhFKDw,6mvmqd2hd0f9npy8kh5lpx,859276281325811,819178625650116,48.319504411002,-3.5980989690018,48.319537620597,-3.5981064482007
1a1vWkPJjtJ8fBxVJhFKDw,6mvmqd2hd0f9npy8kh5lpx,602441540715512,513541240087940,48.319444444444,-3.5981658062024,48.319474979149,-3.5981709039548
1a1vWkPJjtJ8fBxVJhFKDw,6mvmqd2hd0f9npy8kh5lpx,218886436415506,523714328814968,48.319385935998,-3.5982280400025,48.3194066658,-3.5982422335991
1a1vWkPJjtJ8fBxVJhFKDw,6mvmqd2hd0f9npy8kh5lpx,328981082011373,516428462731635,48.31933734985,-3.5982827024977,48.319336461499,-3.5983168481018
1a1vWkPJjtJ8fBxVJhFKDw,6mvmqd2hd0f9npy8kh5lpx,287321649598976,172032891422366,48.319244628597,-3.5983580013976,48.319260799952,-3.5983998272007
1a1vWkPJjtJ8fBxVJhFKDw,6mvmqd2hd0f9npy8kh5lpx,315246876933174,326910608954842,48.319166666667,-3.5984170900979,48.319189982999,-3.5984737484737
1a1vWkPJjtJ8fBxVJhFKDw,6mvmqd2hd0f9npy8kh5lpx,809654836648323,920827572045641,48.319093630999,-3.598464576894,48.319112033503,-3.5985481114974
1a1vWkPJjtJ8fBxVJhFKDw,6mvmqd2hd0f9npy8kh5lpx,375744947138562,185027190168165,48.319007575477,-3.5985525131993,48.319027777778,-3.5986340132003
1a1vWkPJjtJ8fBxVJhFKDw,6mvmqd2hd0f9npy8kh5lpx,265354385316573,519845162715037,48.318940649998,-3.5986228369974,48.318964105101,-3.5987033849684
1a1vWkPJjtJ8fBxVJhFKDw,6mvmqd2hd0f9npy8kh5lpx,760055331567427,165315292213875,48.3188698337,-3.5987075331974,48.318908766902,-3.598779322699
1a1vWkPJjtJ8fBxVJhFKDw,6mvmqd2hd0f9npy8kh5lpx,170560448330506,3797047430417048,48.318805993399,-3.598779569762,48.318834466398,-3.5988520251979
1a1vWkPJjtJ8fBxVJhFKDw,6mvmqd2hd0f9npy8kh5lpx,218673483106416,527246871616748,48.318725389001,-3.5988548770016,48.318753571002,-3.5989180020006
1a1vWkPJjtJ8fBxVJhFKDw,6mvmqd2hd0f9npy8kh5lpx,3981950798555252,305319811129874,48.318655035502,-3.598927264498,48.318670196302,-3.5989737775526
1a1vWkPJjtJ8fBxVJhFKDw,6mvmqd2hd0f9npy8kh5lpx,322653996232872,1020333598709143,48.318580246914,-3.5989993074475,48.318580771002,-3.5990312039998
1a1vWkPJjtJ8fBxVJhFKDw,6mvmqd2hd0f9npy8kh5lpx,1223397164758579,300659691755396,48.318515529297,-3.5990681548012,48.318514643498,-3.5990960915018
1a1vWkPJjtJ8fBxVJhFKDw,6mvmqd2hd0f9npy8kh5lpx,252143246599717,1186041755192621,48.318457481002,-3.5991249310015,48.318444994749,-3.5991789042499
1a1vWkPJjtJ8fBxVJhFKDw,6mvmqd2hd0f9npy8kh5lpx,766884470663997,1186041755192621,48.3183986632,-3.5991829799981,48.318444994749,-3.5991789042499
1a1vWkPJjtJ8fBxVJhFKDw,6mvmqd2hd0f9npy8kh5lpx,195546379059318,261102735804197,48.318317029051,-3.5992813739489,48.31835577585,-3.5992688852998
1a1vWkPJjtJ8fBxVJhFKDw,6mvmqd2hd0f9npy8kh5lpx,841547090077990,316080613429900,48.318236008199,-3.5993552021987,48.318267367202,-3.5993495496021
1a1vWkPJjtJ8fBxVJhFKDw,6mvmqd2hd0f9npy8kh5lpx,229009088995330,1093564991134236,48.318166063999,-3.5994230055994,48.318176753101,-3.5994276836997
1a1vWkPJjtJ8fBxVJhFKDw,6mvmqd2hd0f9npy8kh5lpx,921508408629614,934795663986170,48.318093881602,-3.5994847976023,48.318079327202,-3.5995055
1a1vWkPJjtJ8fBxVJhFKDw,6mvmqd2hd0f9npy8kh5lpx,197866978822646,1048432215689852,48.318005918152,-3.5995254577937,48.317984586601,-3.5995773480018
1a1vWkPJjtJ8fBxVJhFKDw,6mvmqd2hd0f9npy8kh5lpx,828406558106536,1856221717897399,48.3179154283,-3.5995658379003,48.317884598194,-3.5996417655009
1a1vWkPJjtJ8fBxVJhFKDw,6mvmqd2hd0f9npy8kh5lpx,474633683820958,512614713270000,48.317805320003,-3.5996266095978,48.317797182398,-3.5996921260014
1a1vWkPJjtJ8fBxVJhFKDw,6mvmqd2hd0f9npy8kh5lpx,458675188559798,928355404557690,48.317720906203,-3.5996789193977,48.3177120499,-3.5997412803022
1a1vWkPJjtJ8fBxVJhFKDw,6mvmqd2hd0f9npy8kh5lpx,475721390314082,928355404557690,48.317663398693,-3.599718789751,48.3177120499,-3.5997412803022
1a1vWkPJjtJ8fBxVJhFKDw,6mvmqd2hd0f9npy8kh5lpx,469765137588878,1453275508351663,48.317571862498,-3.5997816874974,48.317613382652,-3.5997852282002
1a1vWkPJjtJ8fBxVJhFKDw,6mvmqd2hd0f9npy8kh5lpx,773200836893989,469138111050647,48.317514707598,-3.599817971999,48.317497249725,-3.5998127730027
1a1vWkPJjtJ8fBxVJhFKDw,6mvmqd2hd0f9npy8kh5lpx,484524429329581,469138111050647,48.317488411003,-3.5998214739993,48.317497249725,-3.5998127730027
1a1vWkPJjtJ8fBxVJhFKDw,6mvmqd2hd0f9npy8kh5lpx,181790377157145,469138111050647,48.317465868497,-3.5998169900007,48.317497249725,-3.5998127730027
1a1vWkPJjtJ8fBxVJhFKDw,6mvmqd2hd0f9npy8kh5lpx,140475294738629,892535474660578,48.317414311399,-3.5998073843986,48.317406233601,-3.5998315720028
1a1vWkPJjtJ8fBxVJhFKDw,6mvmqd2hd0f9npy8kh5lpx,316727069852476,892535474660578,48.317369397001,-3.5998244206021,48.317406233601,-3.5998315720028
1a1vWkPJjtJ8fBxVJhFKDw,6mvmqd2hd0f9npy8kh5lpx,515349756480266,1171761149941110,48.317307424102,-3.5998412698413,48.317312032499,-3.5998443347006
1a1vWkPJjtJ8fBxVJhFKDw,6mvmqd2hd0f9npy8kh5lpx,852896218943119,772659083620562,48.317233739201,-3.5998603397918,48.317224972497,-3.5998657750026
1a1vWkPJjtJ8fBxVJhFKDw,6mvmqd2hd0f9npy8kh5lpx,322230659350641,1408317592858213,48.317160305698,-3.5998700454841,48.3171302325,-3.5998770219013
1a1vWkPJjtJ8fBxVJhFKDw,6mvmqd2hd0f9npy8kh5lpx,163671009029874,1408317592858213,48.3170841352,-3.5998709072003,48.3171302325,-3.5998770219013
1a1vWkPJjtJ8fBxVJhFKDw,6mvmqd2hd0f9npy8kh5lpx,314292853592284,3895374287213357,48.317033672503,-3.5998799812527,48.317038253,-3.5998829628981
1a1vWkPJjtJ8fBxVJhFKDw,6mvmqd2hd0f9npy8kh5lpx,2274352789364395,185588013456596,48.316950540498,-3.5998843894976,48.316951176,-3.5998879347984
1a1vWkPJjtJ8fBxVJhFKDw,6mvmqd2hd0f9npy8kh5lpx,2942434929340666,748790079111718,48.316879418703,-3.5998807389015,48.316862321402,-3.5999008686973
1a1vWkPJjtJ8fBxVJhFKDw,6mvmqd2hd0f9npy8kh5lpx,940492856521656,2810342205849989,48.316811180149,-3.5998722109479,48.31677499625,-3.5998774262496
1a1vWkPJjtJ8fBxVJhFKDw,6mvmqd2hd0f9npy8kh5lpx,747631969239888,4009485805813487,48.316680596002,-3.5998589215997,48.316695146497,-3.5998654132494
1a1vWkPJjtJ8fBxVJhFKDw,6mvmqd2hd0f9npy8kh5lpx,276800180821538,4033387356754970,48.31658561,-3.599838732999,48.316609130797,-3.5998579054994
1a1vWkPJjtJ8fBxVJhFKDw,6mvmqd2hd0f9npy8kh5lpx,969175033910820,1497426677259133,48.316491157498,-3.5998187437494,48.316505701003,-3.5998368134026
1a1vWkPJjtJ8fBxVJhFKDw,6mvmqd2hd0f9npy8kh5lpx,215213243495049,932031180984383,48.316391639164,-3.5998007106028,48.316417946201,-3.5998312037975
1a1vWkPJjtJ8fBxVJhFKDw,6mvmqd2hd0f9npy8kh5lpx,1720846614970904,204579474714659,48.316289988403,-3.5997768171019,48.3162536373,-3.5997912688019
1a1vWkPJjtJ8fBxVJhFKDw,6mvmqd2hd0f9npy8kh5lpx,777900449784198,355577052650773,48.316202150402,-3.5997473722981,48.316166174402,-3.5997629383998
1a1vWkPJjtJ8fBxVJhFKDw,6mvmqd2hd0f9npy8kh5lpx,2983331881943752,355577052650773,48.316146209999,-3.5997267451989,48.316166174402,-3.5997629383998
1a1vWkPJjtJ8fBxVJhFKDw,6mvmqd2hd0f9npy8kh5lpx,225077839020207,1089042511624513,48.316011511601,-3.5996573664009,48.315985454552,-3.5996848558005
1a1vWkPJjtJ8fBxVJhFKDw,6mvmqd2hd0f9npy8kh5lpx,828564711389944,2833326486909482,48.315940814498,-3.5996229915007,48.315900793003,-3.5996345335027
1a1vWkPJjtJ8fBxVJhFKDw,6mvmqd2hd0f9npy8kh5lpx,620221788902554,478027623268973,48.315812008299,-3.5995629963998,48.315811637402,-3.5995856677524
1a1vWkPJjtJ8fBxVJhFKDw,6mvmqd2hd0f9npy8kh5lpx,971802616981405,537695750569360,48.315716240902,-3.5994888546025,48.31573310965,-3.5995323137005
1a1vWkPJjtJ8fBxVJhFKDw,6mvmqd2hd0f9npy8kh5lpx,950308149126947,1652618148265402,48.3156302725,-3.5994185179471,48.315659942197,-3.5994674905993
1a1vWkPJjtJ8fBxVJhFKDw,6mvmqd2hd0f9npy8kh5lpx,292674872455386,4435006173176095,48.315587962093,-3.5993845092009,48.315580309498,-3.5993982855259
1a1vWkPJjtJ8fBxVJhFKDw,6mvmqd2hd0f9npy8kh5lpx,505080150851542,355122116174570,48.315454677202,-3.5992720524017,48.315410744001,-3.5992688560024
1a1vWkPJjtJ8fBxVJhFKDw,6mvmqd2hd0f9npy8kh5lpx,1909608879214718,355122116174570,48.315392976589,-3.5992098827974,48.315410744001,-3.5992688560024
1a1vWkPJjtJ8fBxVJhFKDw,6mvmqd2hd0f9npy8kh5lpx,2943799629275970,317032086695940,48.315290767102,-3.5991013545515,48.315250176303,-3.5991279534026
1a1vWkPJjtJ8fBxVJhFKDw,6mvmqd2hd0f9npy8kh5lpx,131791468912654,468067490956595,48.315207040803,-3.599012943201,48.315175097652,-3.5990383790986
1a1vWkPJjtJ8fBxVJhFKDw,6mvmqd2hd0f9npy8kh5lpx,2787000688277056,392075235579080,48.315150056297,-3.5989508925004,48.315102779752,-3.598958855472
1a1vWkPJjtJ8fBxVJhFKDw,6mvmqd2hd0f9npy8kh5lpx,866155277585968,821808251783067,48.315049752002,-3.5988312831972,48.3150302196,-3.5988690700006
1a1vWkPJjtJ8fBxVJhFKDw,6mvmqd2hd0f9npy8kh5lpx,811217716478997,1245248162576740,48.314981732052,-3.5987195506527,48.314967280349,-3.5987628437
1a1vWkPJjtJ8fBxVJhFKDw,6mvmqd2hd0f9npy8kh5lpx,1220987998351709,819710785640934,48.314952304001,-3.5986729793987,48.314901939599,-3.5986558289983
1a1vWkPJjtJ8fBxVJhFKDw,6mvmqd2hd0f9npy8kh5lpx,526426868729454,499557837830201,48.314883324998,-3.5985783412004,48.314865374502,-3.5985786804975
1a1vWkPJjtJ8fBxVJhFKDw,6mvmqd2hd0f9npy8kh5lpx,158501399590686,2026758050789208,48.3147729016,-3.5984186313974,48.314778678749,-3.5984740380022
1a1vWkPJjtJ8fBxVJhFKDw,6mvmqd2hd0f9npy8kh5lpx,986204532120212,850555315863982,48.314718209002,-3.5983171990021,48.314717713399,-3.5983707679992
1a1vWkPJjtJ8fBxVJhFKDw,6mvmqd2hd0f9npy8kh5lpx,321363422719929,587037515600158,48.314651571098,-3.598147834275,48.314624939501,-3.5981593773978
1a1vWkPJjtJ8fBxVJhFKDw,6mvmqd2hd0f9npy8kh5lpx,736050950367776,463641991369988,48.314598729418,-3.5980366856012,48.314586499002,-3.5980658097487
1a1vWkPJjtJ8fBxVJhFKDw,6mvmqd2hd0f9npy8kh5lpx,808222959831449,293873442331295,48.314569699999,-3.5979757789997,48.314562473402,-3.5979893247993
1a1vWkPJjtJ8fBxVJhFKDw,6mvmqd2hd0f9npy8kh5lpx,1218405518578816,311608420602220,48.314503156602,-3.5978087543974,48.314535667999,-3.5978803511988
1a1vWkPJjtJ8fBxVJhFKDw,6mvmqd2hd0f9npy8kh5lpx,311730850322461,1195265907589044,48.314465328,-3.5976914152006,48.314479440501,-3.597680688501
1a1vWkPJjtJ8fBxVJhFKDw,6mvmqd2hd0f9npy8kh5lpx,314634920102095,194107405793479,48.314422761603,-3.5975369296,48.314411549708,-3.5974826388889
1a1vWkPJjtJ8fBxVJhFKDw,6mvmqd2hd0f9npy8kh5lpx,948333079331099,2870288853183873,48.314368326098,-3.5973220411977,48.314350626597,-3.597286270201
1a1vWkPJjtJ8fBxVJhFKDw,6mvmqd2hd0f9npy8kh5lpx,788822178727881,2870288853183873,48.3143370039,-3.597214222349,48.314350626597,-3.597286270201
1a1vWkPJjtJ8fBxVJhFKDw,6mvmqd2hd0f9npy8kh5lpx,373697624053288,950005792484300,48.314308507498,-3.5971032649962,48.31429515725,-3.597133852849
1a1vWkPJjtJ8fBxVJhFKDw,6mvmqd2hd0f9npy8kh5lpx,182238780347529,3660892257356212,48.31424749555,-3.5968906974007,48.314241384003,-3.5968907920001
1a1vWkPJjtJ8fBxVJhFKDw,6mvmqd2hd0f9npy8kh5lpx,1224124358044082,530370691309098,48.314214921601,-3.5967538432021,48.314195754998,-3.5967516204978
1a1vWkPJjtJ8fBxVJhFKDw,6mvmqd2hd0f9npy8kh5lpx,847554839176420,1305192473256833,48.314184735152,-3.5966454410483,48.314158860198,-3.5966256758016
1a1vWkPJjtJ8fBxVJhFKDw,6mvmqd2hd0f9npy8kh5lpx,309486214008694,907192833181121,48.314162467601,-3.5965447796,48.314133585998,-3.5964891774892
1a1vWkPJjtJ8fBxVJhFKDw,6mvmqd2hd0f9npy8kh5lpx,372471747534063,907192833181121,48.314159572798,-3.5964769743985,48.314133585998,-3.5964891774892
1a1vWkPJjtJ8fBxVJhFKDw,6mvmqd2hd0f9npy8kh5lpx,538085087208065,907192833181121,48.314135329598,-3.5964222760001,48.314133585998,-3.5964891774892
1a1vWkPJjtJ8fBxVJhFKDw,6mvmqd2hd0f9npy8kh5lpx,300349218216151,748543639157382,48.314101909602,-3.5963147947973,48.314109981098,-3.5963606063011
1a1vWkPJjtJ8fBxVJhFKDw,6mvmqd2hd0f9npy8kh5lpx,305102471263091,946129709514856,48.314084876199,-3.5962531844013,48.314083841598,-3.596225340799
1a1vWkPJjtJ8fBxVJhFKDw,6mvmqd2hd0f9npy8kh5lpx,764134097608263,946129709514856,48.314047178403,-3.5961448460018,48.314083841598,-3.596225340799
1a1vWkPJjtJ8fBxVJhFKDw,6mvmqd2hd0f9npy8kh5lpx,279898503791917,207578501198046,48.314002046999,-3.5959881029987,48.314021236,-3.596022371999
1a1vWkPJjtJ8fBxVJhFKDw,6mvmqd2hd0f9npy8kh5lpx,332371984902126,935021184017944,48.313974557202,-3.5959018549993,48.31398297955,-3.5958765356504
1a1vWkPJjtJ8fBxVJhFKDw,6mvmqd2hd0f9npy8kh5lpx,781193729067239,3348045835422416,48.313940234851,-3.5957795526473,48.313973680002,-3.5957981639979
1a1vWkPJjtJ8fBxVJhFKDw,6mvmqd2hd0f9npy8kh5lpx,1080720349123856,392043792476234,48.313900525997,-3.5956363941992,48.313933888002,-3.5956881768002
1a1vWkPJjtJ8fBxVJhFKDw,6mvmqd2hd0f9npy8kh5lpx,196387595546767,575267880551191,48.31385855515,-3.5954616353996,48.313886138614,-3.5955106697974
1a1vWkPJjtJ8fBxVJhFKDw,6mvmqd2hd0f9npy8kh5lpx,935695423912519,328000112275265,48.313824593599,-3.595336550699,48.313855508698,-3.5953510163018
1a1vWkPJjtJ8fBxVJhFKDw,6mvmqd2hd0f9npy8kh5lpx,501806927686041,142817641212804,48.313799562201,-3.5952482637617,48.313820796099,-3.5952130367548
1a1vWkPJjtJ8fBxVJhFKDw,6mvmqd2hd0f9npy8kh5lpx,135863981920837,542668207138282,48.313757038998,-3.5950712687516,48.313778847098,-3.5950571828016
1a1vWkPJjtJ8fBxVJhFKDw,6mvmqd2hd0f9npy8kh5lpx,5418885601515863,955372698615283,48.313724489796,-3.5949485715984,48.313752198402,-3.5949330198507
1a1vWkPJjtJ8fBxVJhFKDw,6mvmqd2hd0f9npy8kh5lpx,4076981652389421,510946413594445,48.313698576099,-3.5948238055993,48.313717642901,-3.5947884135002
1a1vWkPJjtJ8fBxVJhFKDw,6mvmqd2hd0f9npy8kh5lpx,901531637071236,482163796218951,48.3136737455,-3.5946839454976,48.313682463599,-3.5946579243982
1a1vWkPJjtJ8fBxVJhFKDw,6mvmqd2hd0f9npy8kh5lpx,525535872160716,397000051438611,48.313644812499,-3.5945341525006,48.313651574602,-3.5945207856977
1a1vWkPJjtJ8fBxVJhFKDw,6mvmqd2hd0f9npy8kh5lpx,3895644867201367,758511234836708,48.313615458001,-3.5944112719975,48.313619848751,-3.5944126497473
1a1vWkPJjtJ8fBxVJhFKDw,6mvmqd2hd0f9npy8kh5lpx,1467718843579546,144654461034245,48.313589703,-3.5942796039985,48.313590425999,-3.5942930727983
1a1vWkPJjtJ8fBxVJhFKDw,6mvmqd2hd0f9npy8kh5lpx,483598699752990,911449703032940,48.31355530177,-3.5941450042976,48.313555313799,-3.5941666666667
1a1vWkPJjtJ8fBxVJhFKDw,6mvmqd2hd0f9npy8kh5lpx,242261437689725,161250219294954,48.313500806198,-3.5939447164978,48.313502876402,-3.5939358852981
1a1vWkPJjtJ8fBxVJhFKDw,6mvmqd2hd0f9npy8kh5lpx,975258199945716,235717954986958,48.313482151402,-3.5938631604995,48.3134750624,-3.5938173615987
1a1vWkPJjtJ8fBxVJhFKDw,6mvmqd2hd0f9npy8kh5lpx,831711764105792,538754987293407,48.313457182798,-3.5937347623989,48.3134414799,-3.5936914323963
1a1vWkPJjtJ8fBxVJhFKDw,6mvmqd2hd0f9npy8kh5lpx,191389826182350,359177195642663,48.313421196002,-3.5935853649993,48.313404732453,-3.5935605812302
1a1vWkPJjtJ8fBxVJhFKDw,6mvmqd2hd0f9npy8kh5lpx,2927913937530064,572972470341095,48.313385615498,-3.5934214625982,48.313369162502,-3.5934286719528
1a1vWkPJjtJ8fBxVJhFKDw,6mvmqd2hd0f9npy8kh5lpx,944362186354683,1216521445464964,48.313355246,-3.5932784925022,48.313333333333,-3.5932961706013
1a1vWkPJjtJ8fBxVJhFKDw,6mvmqd2hd0f9npy8kh5lpx,1801400853376091,315579350038421,48.313333333333,-3.5931736501005,48.313292134002,-3.5931589754974
1a1vWkPJjtJ8fBxVJhFKDw,6mvmqd2hd0f9npy8kh5lpx,481288803098243,1097756037383960,48.313309203597,-3.5930108498973,48.313270548802,-3.5930436791986
1a1vWkPJjtJ8fBxVJhFKDw,6mvmqd2hd0f9npy8kh5lpx,1090028838165220,522798032413570,48.313297339593,-3.5929435200027,48.31324315235,-3.5929260235019
1a1vWkPJjtJ8fBxVJhFKDw,6mvmqd2hd0f9npy8kh5lpx,306657120912026,863136214582756,48.313266716798,-3.5927721950497,48.313213998502,-3.5928066012002
1a1vWkPJjtJ8fBxVJhFKDw,6mvmqd2hd0f9npy8kh5lpx,605201354209226,3914110165353066,48.313249603798,-3.5926621581972,48.313187258997,-3.5926902808027
1a1vWkPJjtJ8fBxVJhFKDw,6mvmqd2hd0f9npy8kh5lpx,292415239192341,188060806524944,48.313225642598,-3.5925212240027,48.313160031703,-3.5925596866996
1a1vWkPJjtJ8fBxVJhFKDw,6mvmqd2hd0f9npy8kh5lpx,3961324417316248,523641295336584,48.3132023036,-3.5924028760019,48.313134920635,-3.5924421022982
1a1vWkPJjtJ8fBxVJhFKDw,6mvmqd2hd0f9npy8kh5lpx,316241756540668,1753432968185050,48.313167197999,-3.5922332050019,48.313107738998,-3.5923189842521
1a1vWkPJjtJ8fBxVJhFKDw,6mvmqd2hd0f9npy8kh5lpx,3137875089799637,1072494869825911,48.313136702552,-3.5921017769979,48.313066125599,-3.5921695712016
1a1vWkPJjtJ8fBxVJhFKDw,6mvmqd2hd0f9npy8kh5lpx,292934742510629,509838713487606,48.313117602,-3.5920178920026,48.3130332246,-3.5920530464992
1a1vWkPJjtJ8fBxVJhFKDw,6mvmqd2hd0f9npy8kh5lpx,323867805765381,1179626162486434,48.313084684003,-3.5918664279993,48.312998034,-3.5919195936006
1a1vWkPJjtJ8fBxVJhFKDw,6mvmqd2hd0f9npy8kh5lpx,326769595550274,758678551487898,48.313043484989,-3.5916708084025,48.312965611348,-3.5917880968004
1a1vWkPJjtJ8fBxVJhFKDw,6mvmqd2hd0f9npy8kh5lpx,3920664424691769,802853283667932,48.313025106998,-3.5915939711999,48.312932831249,-3.5916536874994
1a1vWkPJjtJ8fBxVJhFKDw,6mvmqd2hd0f9npy8kh5lpx,287338489703279,4226832294004301,48.312995273599,-3.5914696896021,48.3129039542,-3.5915309951502
1a1vWkPJjtJ8fBxVJhFKDw,6mvmqd2hd0f9npy8kh5lpx,151295496969676,203919091444511,48.312957754952,-3.591332759598,48.312876072001,-3.5914065720022
1a1vWkPJjtJ8fBxVJhFKDw,6mvmqd2hd0f9npy8kh5lpx,485217296034637,985988605272969,48.312884240002,-3.5911445031989,48.312806375198,-3.591153987398
1a1vWkPJjtJ8fBxVJhFKDw,6mvmqd2hd0f9npy8kh5lpx,1194234384346719,985988605272969,48.312861923599,-3.5910732683983,48.312806375198,-3.591153987398
1a1vWkPJjtJ8fBxVJhFKDw,6mvmqd2hd0f9npy8kh5lpx,981982255897846,307780881031997,48.312821732498,-3.5909395518976,48.31275462963,-3.5909194137479
1a1vWkPJjtJ8fBxVJhFKDw,6mvmqd2hd0f9npy8kh5lpx,2371764939621657,798776887504291,48.312790260601,-3.5908443178,48.312734819002,-3.5908231720027
1a1vWkPJjtJ8fBxVJhFKDw,6mvmqd2hd0f9npy8kh5lpx,3975270005859553,798776887504291,48.312762259998,-3.5907604800025,48.312734819002,-3.5908231720027
1a1vWkPJjtJ8fBxVJhFKDw,6mvmqd2hd0f9npy8kh5lpx,315161356864505,317473659869821,48.312730660302,-3.5906399048975,48.312688893779,-3.5906638277993
1a1vWkPJjtJ8fBxVJhFKDw,6mvmqd2hd0f9npy8kh5lpx,395398751618439,497294114847197,48.312688246097,-3.5905325750019,48.312658167802,-3.5905011642994
1a1vWkPJjtJ8fBxVJhFKDw,6mvmqd2hd0f9npy8kh5lpx,497423168121090,497294114847197,48.312656459398,-3.5904503057,48.312658167802,-3.5905011642994
1a1vWkPJjtJ8fBxVJhFKDw,6mvmqd2hd0f9npy8kh5lpx,2867624910143885,219779523036983,48.312621159148,-3.5903365017026,48.312627446251,-3.5903833586015
1a1vWkPJjtJ8fBxVJhFKDw,6mvmqd2hd0f9npy8kh5lpx,288504449650595,955123985291173,48.312596356998,-3.5902350848026,48.312579365079,-3.5902254226003
1a1vWkPJjtJ8fBxVJhFKDw,6mvmqd2hd0f9npy8kh5lpx,291763602627082,955123985291173,48.312568059397,-3.5901304540012,48.312579365079,-3.5902254226003
1a1vWkPJjtJ8fBxVJhFKDw,6mvmqd2hd0f9npy8kh5lpx,504843190710312,955123985291173,48.312530678398,-3.5899754676982,48.312579365079,-3.5902254226003
1a1vWkPJjtJ8fBxVJhFKDw,6mvmqd2hd0f9npy8kh5lpx,330138115295135,955123985291173,48.312507624501,-3.5898817027977,48.312579365079,-3.5902254226003
1a1vWkPJjtJ8fBxVJhFKDw,6mvmqd2hd0f9npy8kh5lpx,1130041497402498,955123985291173,48.312495705397,-3.5898419675975,48.312579365079,-3.5902254226003
1a1vWkPJjtJ8fBxVJhFKDw,6mvmqd2hd0f9npy8kh5lpx,294740205463209,1100854900408030,48.312434929397,-3.5896252212389,48.312328911179,-3.5893435430396
1a1vWkPJjtJ8fBxVJhFKDw,6mvmqd2hd0f9npy8kh5lpx,846476689601167,1100854900408030,48.312398931898,-3.5895022757992,48.312328911179,-3.5893435430396
1a1vWkPJjtJ8fBxVJhFKDw,6mvmqd2hd0f9npy8kh5lpx,471304804197054,1100854900408030,48.312364689999,-3.5893917124976,48.312328911179,-3.5893435430396
1a1vWkPJjtJ8fBxVJhFKDw,6mvmqd2hd0f9npy8kh5lpx,4085171278228434,480826823252308,48.312316300798,-3.5892363247863,48.312294620597,-3.5892348517975
1a1vWkPJjtJ8fBxVJhFKDw,6mvmqd2hd0f9npy8kh5lpx,396841001389691,295026238943348,48.312279944799,-3.5891541174001,48.312279547851,-3.5891793923998
1a1vWkPJjtJ8fBxVJhFKDw,6mvmqd2hd0f9npy8kh5lpx,164731312253588,860190067902645,48.312266467299,-3.5891187703481,48.3122649326,-3.5891263821985
1a1vWkPJjtJ8fBxVJhFKDw,6mvmqd2hd0f9npy8kh5lpx,483130842974195,491130845465858,48.312258666002,-3.5890293274022,48.312239452548,-3.5890544871795
1a1vWkPJjtJ8fBxVJhFKDw,6mvmqd2hd0f9npy8kh5lpx,213353050376212,2711821402441277,48.312256240202,-3.5889970989002,48.312238196,-3.5890033399997
1a1vWkPJjtJ8fBxVJhFKDw,6mvmqd2hd0f9npy8kh5lpx,336943547773569,799775997321964,48.312256897837,-3.5889522682007,48.3122262134,-3.5889311560003
1a1vWkPJjtJ8fBxVJhFKDw,6mvmqd2hd0f9npy8kh5lpx,475890677025289,474660966943069,48.312237686202,-3.5888688797493,48.312212962963,-3.5888931955211
1a1vWkPJjtJ8fBxVJhFKDw,6mvmqd2hd0f9npy8kh5lpx,931820184251200,248263873739130,48.312225484499,-3.5888480418795,48.312199074074,-3.5888494212507
1a1vWkPJjtJ8fBxVJhFKDw,6mvmqd2hd0f9npy8kh5lpx,4114876151913065,522867922219874,48.312200873362,-3.5887553924009,48.312172529003,-3.5887818260006
1a1vWkPJjtJ8fBxVJhFKDw,6mvmqd2hd0f9npy8kh5lpx,460185065079221,1034937460579820,48.312192643147,-3.5887101430976,48.312153289998,-3.5887374424973
1a1vWkPJjtJ8fBxVJhFKDw,6mvmqd2hd0f9npy8kh5lpx,324789795706964,624698501819155,48.312160999202,-3.588597004398,48.312132664502,-3.5885795127509
1a1vWkPJjtJ8fBxVJhFKDw,6mvmqd2hd0f9npy8kh5lpx,518185142842205,624698501819155,48.312150512601,-3.5885577187988,48.312132664502,-3.5885795127509
1a1vWkPJjtJ8fBxVJhFKDw,6mvmqd2hd0f9npy8kh5lpx,818317335749650,317501409903964,48.312120046401,-3.5884673625988,48.3121179362,-3.5884473832027
1a1vWkPJjtJ8fBxVJhFKDw,6mvmqd2hd0f9npy8kh5lpx,227413112075207,772378556756766,48.312098689799,-3.5883931143017,48.3120994518,-3.5883360836084
1a1vWkPJjtJ8fBxVJhFKDw,6mvmqd2hd0f9npy8kh5lpx,1199104803854110,772378556756766,48.312079116002,-3.5883165519996,48.3120994518,-3.5883360836084
1a1vWkPJjtJ8fBxVJhFKDw,6mvmqd2hd0f9npy8kh5lpx,2605184073120618,338738484334674,48.312069224003,-3.588274403248,48.312078312502,-3.5882360290996
1a1vWkPJjtJ8fBxVJhFKDw,6mvmqd2hd0f9npy8kh5lpx,3923682451050055,338738484334674,48.312051908599,-3.5882006440983,48.312078312502,-3.5882360290996
1a1vWkPJjtJ8fBxVJhFKDw,6mvmqd2hd0f9npy8kh5lpx,320041239701307,221704499483407,48.312024571351,-3.5880873731024,48.312026059899,-3.5880385678017
1a1vWkPJjtJ8fBxVJhFKDw,6mvmqd2hd0f9npy8kh5lpx,553678386019522,931809910950988,48.311998969502,-3.5879912395019,48.312001061803,-3.587940875401
1a1vWkPJjtJ8fBxVJhFKDw,6mvmqd2hd0f9npy8kh5lpx,207923487638827,1135426576955497,48.311963991602,-3.5878831479975,48.311976534003,-3.5878459060013
1a1vWkPJjtJ8fBxVJhFKDw,6mvmqd2hd0f9npy8kh5lpx,2828647034115855,252997583283656,48.311941048498,-3.5877845043013,48.311952622048,-3.5877471302505
1a1vWkPJjtJ8fBxVJhFKDw,6mvmqd2hd0f9npy8kh5lpx,851434139059497,485322236052431,48.311913694597,-3.5876786045975,48.3119248713,-3.5876494577007
1a1vWkPJjtJ8fBxVJhFKDw,6mvmqd2hd0f9npy8kh5lpx,290981362747765,1180047832459743,48.311887169551,-3.5875957042503,48.311893683499,-3.5875483659944
1a1vWkPJjtJ8fBxVJhFKDw,6mvmqd2hd0f9npy8kh5lpx,2972615803060528,1180047832459743,48.311868394198,-3.5875249379976,48.311893683499,-3.5875483659944
1a1vWkPJjtJ8fBxVJhFKDw,6mvmqd2hd0f9npy8kh5lpx,296344625459553,313215583684442,48.311839526198,-3.5874079489997,48.311861744502,-3.5874471019995
1a1vWkPJjtJ8fBxVJhFKDw,6mvmqd2hd0f9npy8kh5lpx,4118121548248302,562410005146899,48.311808153001,-3.5872708963033,48.311810226202,-3.5872392177982
1a1vWkPJjtJ8fBxVJhFKDw,6mvmqd2hd0f9npy8kh5lpx,464618028176004,934248787368504,48.311791231902,-3.5871938220013,48.311795780898,-3.5871409025993
1a1vWkPJjtJ8fBxVJhFKDw,6mvmqd2hd0f9npy8kh5lpx,804481653825049,3838774089584807,48.311769110501,-3.5870780219998,48.311772123198,-3.5870439344024
1a1vWkPJjtJ8fBxVJhFKDw,6mvmqd2hd0f9npy8kh5lpx,766257270749390,680123346113909,48.311736464199,-3.5869674819987,48.311745552,-3.5869514310015
1a1vWkPJjtJ8fBxVJhFKDw,6mvmqd2hd0f9npy8kh5lpx,187202729824966,477365343344557,48.311718984801,-3.5868203475985,48.311721335998,-3.5867984600021
1a1vWkPJjtJ8fBxVJhFKDw,6mvmqd2hd0f9npy8kh5lpx,515067033189300,306382337792460,48.311701809502,-3.5867234874988,48.3117086922,-3.5867167652017
1a1vWkPJjtJ8fBxVJhFKDw,6mvmqd2hd0f9npy8kh5lpx,690522591672134,293248919102437,48.3117061169,-3.5866054820716,48.311683065302,-3.5866081417974
1a1vWkPJjtJ8fBxVJhFKDw,6mvmqd2hd0f9npy8kh5lpx,515706729796541,492242641892169,48.311691919192,-3.5864754707979,48.311657141198,-3.5865021613026
1a1vWkPJjtJ8fBxVJhFKDw,6mvmqd2hd0f9npy8kh5lpx,204647548011231,215745953705725,48.311650383299,-3.5864008765007,48.311631642298,-3.5863995340992
1a1vWkPJjtJ8fBxVJhFKDw,6mvmqd2hd0f9npy8kh5lpx,137709655062623,1165812413935883,48.3116311374,-3.5863291495983,48.311607444498,-3.586303004498
1a1vWkPJjtJ8fBxVJhFKDw,6mvmqd2hd0f9npy8kh5lpx,319335823041688,1165812413935883,48.311612809998,-3.58625,48.311607444498,-3.586303004498
1a1vWkPJjtJ8fBxVJhFKDw,6mvmqd2hd0f9npy8kh5lpx,148811487221829,2941225946092431,48.311612347599,-3.5862217565978,48.311578168901,-3.5862063492063
1a1vWkPJjtJ8fBxVJhFKDw,6mvmqd2hd0f9npy8kh5lpx,129003179198960,2941225946092431,48.311605747,-3.5861992999987,48.311578168901,-3.5862063492063
1a1vWkPJjtJ8fBxVJhFKDw,6mvmqd2hd0f9npy8kh5lpx,1788257034678834,2941225946092431,48.311601987598,-3.5861976211984,48.311578168901,-3.5862063492063
1a1vWkPJjtJ8fBxVJhFKDw,6mvmqd2hd0f9npy8kh5lpx,1851423758348688,2941225946092431,48.311588529299,-3.5861866725025,48.311578168901,-3.5862063492063
1a1vWkPJjtJ8fBxVJhFKDw,6mvmqd2hd0f9npy8kh5lpx,837414386984285,2941225946092431,48.3115865964,-3.5861457867263,48.311578168901,-3.5862063492063
1a1vWkPJjtJ8fBxVJhFKDw,6mvmqd2hd0f9npy8kh5lpx,152860393477532,1471112559900915,48.311589223403,-3.5861240724027,48.3115371398,-3.5861024733013
1a1vWkPJjtJ8fBxVJhFKDw,6mvmqd2hd0f9npy8kh5lpx,830146504568063,1471112559900915,48.311560998799,-3.5860487777016,48.3115371398,-3.5861024733013
1a1vWkPJjtJ8fBxVJhFKDw,6mvmqd2hd0f9npy8kh5lpx,539896790509607,763731624510848,48.311536055923,-3.5859777214981,48.311495251851,-3.5859936041013
1a1vWkPJjtJ8fBxVJhFKDw,6mvmqd2hd0f9npy8kh5lpx,301567354785357,210014860956076,48.311513142851,-3.5859111440521,48.311462588599,-3.5858902781979
1a1vWkPJjtJ8fBxVJhFKDw,6mvmqd2hd0f9npy8kh5lpx,117829937024530,210014860956076,48.311498847403,-3.5858517172017,48.311462588599,-3.5858902781979
1a1vWkPJjtJ8fBxVJhFKDw,6mvmqd2hd0f9npy8kh5lpx,391727891978799,236481001611721,48.311470777749,-3.585744283748,48.311435791598,-3.5857706475978
1a1vWkPJjtJ8fBxVJhFKDw,6mvmqd2hd0f9npy8kh5lpx,549731859745926,1904833033017460,48.311438590249,-3.5856278953519,48.311411266599,-3.5856539182495
1a1vWkPJjtJ8fBxVJhFKDw,6mvmqd2hd0f9npy8kh5lpx,217200933278632,317386736727179,48.311395220602,-3.5854811734022,48.311382355299,-3.5855253848019
1a1vWkPJjtJ8fBxVJhFKDw,6mvmqd2hd0f9npy8kh5lpx,526370091846961,508622863909296,48.311371506601,-3.5853919998013,48.31135641035,-3.5854064332988
1a1vWkPJjtJ8fBxVJhFKDw,6mvmqd2hd0f9npy8kh5lpx,475799763535028,186483613354256,48.311350543,-3.5852599489989,48.311328945201,-3.5852849287977
1a1vWkPJjtJ8fBxVJhFKDw,6mvmqd2hd0f9npy8kh5lpx,515248709912965,378894160179420,48.311315931799,-3.5851357765994,48.311300673498,-3.5851726284985
1a1vWkPJjtJ8fBxVJhFKDw,6mvmqd2hd0f9npy8kh5lpx,204630461346493,207592991179310,48.311268800999,-3.584974418998,48.311253973602,-3.5849733024009
1a1vWkPJjtJ8fBxVJhFKDw,6mvmqd2hd0f9npy8kh5lpx,180783460611991,303039251536928,48.3112296854,-3.5847957415982,48.311198657002,-3.5847676602527
1a1vWkPJjtJ8fBxVJhFKDw,6mvmqd2hd0f9npy8kh5lpx,520174479009576,303039251536928,48.311211828,-3.5847222222222,48.311198657002,-3.5847676602527
1a1vWkPJjtJ8fBxVJhFKDw,6mvmqd2hd0f9npy8kh5lpx,856705068268169,349963916470144,48.311180361605,-3.5845923883978,48.311167337,-3.5846559879975
1a1vWkPJjtJ8fBxVJhFKDw,6mvmqd2hd0f9npy8kh5lpx,2803373469914053,298390281922632,48.311145087702,-3.5844416941694,48.311108360836,-3.5844366789001
1a1vWkPJjtJ8fBxVJhFKDw,6mvmqd2hd0f9npy8kh5lpx,903054946939119,283492913468215,48.311096750401,-3.5842394310009,48.311054309999,-3.5842243299994
1a1vWkPJjtJ8fBxVJhFKDw,6mvmqd2hd0f9npy8kh5lpx,4749016395115504,283492913468215,48.311076328401,-3.5841603535354,48.311054309999,-3.5842243299994
1a1vWkPJjtJ8fBxVJhFKDw,6mvmqd2hd0f9npy8kh5lpx,265192398696241,845569999398292,48.311037247801,-3.5839974843023,48.311001437501,-3.5840158697026
1a1vWkPJjtJ8fBxVJhFKDw,6mvmqd2hd0f9npy8kh5lpx,3873311322706328,182661223760359,48.311015718403,-3.5839155336024,48.310975432798,-3.5839069663998
1a1vWkPJjtJ8fBxVJhFKDw,6mvmqd2hd0f9npy8kh5lpx,348071829986596,526748328330270,48.310992004616,-3.5838066089512,48.310949053857,-3.5837992323973
1a1vWkPJjtJ8fBxVJhFKDw,6mvmqd2hd0f9npy8kh5lpx,315097050202028,526748328330270,48.310991483999,-3.5838028309994,48.310949053857,-3.5837992323973
1a1vWkPJjtJ8fBxVJhFKDw,6mvmqd2hd0f9npy8kh5lpx,1125762077933214,496962741617496,48.310974694901,-3.5837247781012,48.310924365402,-3.5836995164001
1a1vWkPJjtJ8fBxVJhFKDw,6mvmqd2hd0f9npy8kh5lpx,538159293841934,496962741617496,48.3109556658,-3.5836394453005,48.310924365402,-3.5836995164001
1a1vWkPJjtJ8fBxVJhFKDw,6mvmqd2hd0f9npy8kh5lpx,3022661754688667,3132372963656578,48.310929898402,-3.5835339600014,48.310901576798,-3.5835959393999
1a1vWkPJjtJ8fBxVJhFKDw,6mvmqd2hd0f9npy8kh5lpx,1377688949284567,298391835300599,48.310907633597,-3.5834467816012,48.3108799872,-3.5835002004008
1a1vWkPJjtJ8fBxVJhFKDw,6mvmqd2hd0f9npy8kh5lpx,1055267831667048,222876962680289,48.310891520002,-3.5833734496008,48.310855263158,-3.583397882399
1a1vWkPJjtJ8fBxVJhFKDw,6mvmqd2hd0f9npy8kh5lpx,293465252481369,513399533116778,48.310856634203,-3.5831919005983,48.31081339485,-3.5832245557023
1a1vWkPJjtJ8fBxVJhFKDw,6mvmqd2hd0f9npy8kh5lpx,2945164665718747,1620530611469970,48.310825681501,-3.5830607799976,48.310790314501,-3.5830617430012
1a1vWkPJjtJ8fBxVJhFKDw,6mvmqd2hd0f9npy8kh5lpx,2834142613515704,486938292358317,48.310807154098,-3.5829754628013,48.310778691802,-3.5829775637989
1a1vWkPJjtJ8fBxVJhFKDw,6mvmqd2hd0f9npy8kh5lpx,843380039589481,184186706937461,48.310772563201,-3.582833203598,48.310750913553,-3.5828830257473
1a1vWkPJjtJ8fBxVJhFKDw,6mvmqd2hd0f9npy8kh5lpx,483135776225292,1243461512776573,48.31073104135,-3.5826648515975,48.310705770089,-3.5826842851004
1a1vWkPJjtJ8fBxVJhFKDw,6mvmqd2hd0f9npy8kh5lpx,305894767754791,2832239030361165,48.310709044,-3.5825828119987,48.310687906552,-3.5825829354511
1a1vWkPJjtJ8fBxVJhFKDw,6mvmqd2hd0f9npy8kh5lpx,465796087857820,1138257163352518,48.3106607775,-3.5823781074999,48.310643616799,-3.5823865903986
1a1vWkPJjtJ8fBxVJhFKDw,6mvmqd2hd0f9npy8kh5lpx,785130325702755,234497588441391,48.3106300452,-3.5822581853977,48.310607662949,-3.5822857936012
1a1vWkPJjtJ8fBxVJhFKDw,6mvmqd2hd0f9npy8kh5lpx,531089061602143,4366554493368219,48.310588802802,-3.5820833333333,48.310532293377,-3.5820516068005
1a1vWkPJjtJ8fBxVJhFKDw,6mvmqd2hd0f9npy8kh5lpx,2955196451387754,4366554493368219,48.310562521999,-3.581977163202,48.310532293377,-3.5820516068005
1a1vWkPJjtJ8fBxVJhFKDw,6mvmqd2hd0f9npy8kh5lpx,2617498125223014,227078162183325,48.310511819698,-3.5818141635977,48.310478939899,-3.5817993145025
1a1vWkPJjtJ8fBxVJhFKDw,6mvmqd2hd0f9npy8kh5lpx,1140253266470535,174158694623088,48.310462485682,-3.5816303411999,48.310452839399,-3.5816666666667
1a1vWkPJjtJ8fBxVJhFKDw,6mvmqd2hd0f9npy8kh5lpx,156993529716386,479861156613214,48.310412566652,-3.5814489975999,48.310392513494,-3.5814285714286
1a1vWkPJjtJ8fBxVJhFKDw,6mvmqd2hd0f9npy8kh5lpx,469492627609670,451112699474990,48.310382274402,-3.5813270040011,48.310356428001,-3.5813222222222
1a1vWkPJjtJ8fBxVJhFKDw,6mvmqd2hd0f9npy8kh5lpx,984062432407902,768836037148637,48.310340629403,-3.5811966038025,48.310315532751,-3.5812007642563
1a1vWkPJjtJ8fBxVJhFKDw,6mvmqd2hd0f9npy8kh5lpx,777818346241411,289045922899656,48.310318403153,-3.5811171549516,48.310286040453,-3.5810882074495
1a1vWkPJjtJ8fBxVJhFKDw,6mvmqd2hd0f9npy8kh5lpx,924258091465130,1118227352005575,48.310289364951,-3.5809744814473,48.310259141599,-3.5809679340023
1a1vWkPJjtJ8fBxVJhFKDw,6mvmqd2hd0f9npy8kh5lpx,572495117472739,294233299013505,48.310257995098,-3.5808206390982,48.310228067099,-3.5808360836084
1a1vWkPJjtJ8fBxVJhFKDw,6mvmqd2hd0f9npy8kh5lpx,938005323721522,472479834024467,48.310194857798,-3.5805904688014,48.310165556901,-3.5805739102021
1a1vWkPJjtJ8fBxVJhFKDw,6mvmqd2hd0f9npy8kh5lpx,1047670562423588,472479834024467,48.310177228803,-3.5805058868211,48.310165556901,-3.5805739102021
1a1vWkPJjtJ8fBxVJhFKDw,6mvmqd2hd0f9npy8kh5lpx,161690265916130,476077766798096,48.310175840201,-3.5804697195996,48.3101371338,-3.5804535085992
1a1vWkPJjtJ8fBxVJhFKDw,6mvmqd2hd0f9npy8kh5lpx,1141741102974901,476077766798096,48.310142541598,-3.5804353528003,48.3101371338,-3.5804535085992
1a1vWkPJjtJ8fBxVJhFKDw,6mvmqd2hd0f9npy8kh5lpx,1500229403641637,483233722899837,48.310096930801,-3.5802698412698,48.310080089599,-3.5802200769982
1a1vWkPJjtJ8fBxVJhFKDw,6mvmqd2hd0f9npy8kh5lpx,494772691736039,483233722899837,48.310062942201,-3.5801697962026,48.310080089599,-3.5802200769982
1a1vWkPJjtJ8fBxVJhFKDw,6mvmqd2hd0f9npy8kh5lpx,1210327956083848,489526622100887,48.3100413936,-3.5800996610024,48.310053280797,-3.5801081569493
1a1vWkPJjtJ8fBxVJhFKDw,6mvmqd2hd0f9npy8kh5lpx,493877042049720,1785429701628597,48.310009914999,-3.5799516737527,48.310023628499,-3.5799868620336
1a1vWkPJjtJ8fBxVJhFKDw,6mvmqd2hd0f9npy8kh5lpx,503422380706947,531778604511219,48.309980418402,-3.5797959000009,48.3099685892,-3.5797508686
1a1vWkPJjtJ8fBxVJhFKDw,6mvmqd2hd0f9npy8kh5lpx,301482271560351,3795370797238438,48.309942798401,-3.5796191954023,48.309942691201,-3.5796304720985
1a1vWkPJjtJ8fBxVJhFKDw,6mvmqd2hd0f9npy8kh5lpx,908151849760337,186209093385611,48.3099035166,-3.5794471947195,48.309889031698,-3.579399683801
1a1vWkPJjtJ8fBxVJhFKDw,6mvmqd2hd0f9npy8kh5lpx,528669804821486,186209093385611,48.309879393002,-3.5793598934996,48.309889031698,-3.579399683801
1a1vWkPJjtJ8fBxVJhFKDw,6mvmqd2hd0f9npy8kh5lpx,485986396158808,792655404718757,48.309836777802,-3.5791930116992,48.309844469803,-3.5791838643993
1a1vWkPJjtJ8fBxVJhFKDw,6mvmqd2hd0f9npy8kh5lpx,235526231703655,335350417936217,48.309810153998,-3.5790932043977,48.30982318995,-3.5790777922485
1a1vWkPJjtJ8fBxVJhFKDw,6mvmqd2hd0f9npy8kh5lpx,310906237146045,517623799330409,48.309746925247,-3.5788946098484,48.309767956802,-3.5788576682026
1a1vWkPJjtJ8fBxVJhFKDw,6mvmqd2hd0f9npy8kh5lpx,1202159070196859,159109529518976,48.309722222222,-3.5787910966003,48.3097372088,-3.5787528680003
1a1vWkPJjtJ8fBxVJhFKDw,6mvmqd2hd0f9npy8kh5lpx,564807997818182,171872241446326,48.309674479167,-3.5786469406975,48.309692075003,-3.578636032602
1a1vWkPJjtJ8fBxVJhFKDw,6mvmqd2hd0f9npy8kh5lpx,525550005119577,946706749462426,48.309599483204,-3.5784094151989,48.309587803952,-3.5783814822494
1a1vWkPJjtJ8fBxVJhFKDw,6mvmqd2hd0f9npy8kh5lpx,741629863181693,828093134759071,48.309560313299,-3.5782598966011,48.309549980249,-3.5782638888889
1a1vWkPJjtJ8fBxVJhFKDw,6mvmqd2hd0f9npy8kh5lpx,1440212262987340,2555253821436123,48.309520849497,-3.5781548684996,48.309512809197,-3.5781401127981
1a1vWkPJjtJ8fBxVJhFKDw,6mvmqd2hd0f9npy8kh5lpx,494434138643826,520785462286673,48.30942338935,-3.5778709443484,48.309408672002,-3.5778369854051
1a1vWkPJjtJ8fBxVJhFKDw,6mvmqd2hd0f9npy8kh5lpx,295805945569452,552961949028723,48.309382470398,-3.5777525252525,48.309377667597,-3.5777450420023
1a1vWkPJjtJ8fBxVJhFKDw,6mvmqd2hd0f9npy8kh5lpx,482855469810933,222554772725479,48.309308297498,-3.5775845290986,48.309318358802,-3.5775316036026
1a1vWkPJjtJ8fBxVJhFKDw,6mvmqd2hd0f9npy8kh5lpx,838481900125580,321276259561563,48.309232637001,-3.5773702105014,48.309234949798,-3.5773094275974
1a1vWkPJjtJ8fBxVJhFKDw,6mvmqd2hd0f9npy8kh5lpx,1200816547028767,1448125065550629,48.309178193001,-3.5772351258023,48.309179863202,-3.5771872007974
1a1vWkPJjtJ8fBxVJhFKDw,6mvmqd2hd0f9npy8kh5lpx,1120592671685635,932157534316050,48.309060363902,-3.5769610546989,48.309095935999,-3.5769772800018
1a1vWkPJjtJ8fBxVJhFKDw,6mvmqd2hd0f9npy8kh5lpx,4155698844525535,377842983647204,48.3090175368,-3.5768492459987,48.309054487179,-3.5768596168018
1a1vWkPJjtJ8fBxVJhFKDw,6mvmqd2hd0f9npy8kh5lpx,188565109789416,3691716327599072,48.308938417599,-3.5766452544024,48.30893554615,-3.5765912941483
1a1vWkPJjtJ8fBxVJhFKDw,6mvmqd2hd0f9npy8kh5lpx,1106292999857819,854561168468490,48.308898342299,-3.5765472474981,48.308886138614,-3.5765054497523
1a1vWkPJjtJ8fBxVJhFKDw,6mvmqd2hd0f9npy8kh5lpx,204035964889168,204231551546956,48.308824333801,-3.576345225598,48.308835859998,-3.5763944148021
1a1vWkPJjtJ8fBxVJhFKDw,6mvmqd2hd0f9npy8kh5lpx,1078427979312384,1130191024170266,48.308797822499,-3.5762614950008,48.308745126447,-3.5762327498977
1a1vWkPJjtJ8fBxVJhFKDw,6mvmqd2hd0f9npy8kh5lpx,790378444943316,315691996787366,48.308739640399,-3.5761010912487,48.308720647998,-3.5761636739979
1a1vWkPJjtJ8fBxVJhFKDw,6mvmqd2hd0f9npy8kh5lpx,377229520320975,276947297505778,48.308683122398,-3.5759860023976,48.308656304698,-3.5759893476983
1a1vWkPJjtJ8fBxVJhFKDw,6mvmqd2hd0f9npy8kh5lpx,1378192919220133,302576368086896,48.308658375002,-3.575942064998,48.308628550901,-3.5759270512011
1a1vWkPJjtJ8fBxVJhFKDw,6mvmqd2hd0f9npy8kh5lpx,320058086198173,827163214567061,48.308629773902,-3.5758615956072,48.308611111111,-3.5758542639978
1a1vWkPJjtJ8fBxVJhFKDw,6mvmqd2hd0f9npy8kh5lpx,986586828759069,301405164859985,48.308593672225,-3.5757675694986,48.308584464599,-3.5757844944003
1a1vWkPJjtJ8fBxVJhFKDw,6mvmqd2hd0f9npy8kh5lpx,300496488235957,193986959242253,48.308588,-3.575732700001,48.3085617763,-3.5757314863988
1a1vWkPJjtJ8fBxVJhFKDw,6mvmqd2hd0f9npy8kh5lpx,317573423276163,193986959242253,48.308588,-3.575732700001,48.3085617763,-3.5757314863988
1a1vWkPJjtJ8fBxVJhFKDw,6mvmqd2hd0f9npy8kh5lpx,939555120202417,4355372297815074,48.308517302503,-3.5756167550012,48.308518518519,-3.575623631801
1a1vWkPJjtJ8fBxVJhFKDw,6mvmqd2hd0f9npy8kh5lpx,4499412780086645,527653088402136,48.308498900002,-3.5755801000015,48.308481882098,-3.5755528052805
1a1vWkPJjtJ8fBxVJhFKDw,6mvmqd2hd0f9npy8kh5lpx,1222229011531013,527653088402136,48.308498900002,-3.5755801000015,48.308481882098,-3.5755528052805
1a1vWkPJjtJ8fBxVJhFKDw,6mvmqd2hd0f9npy8kh5lpx,746976599244704,298988008551543,48.308455792602,-3.5754707058022,48.308440429901,-3.5754492838004
1a1vWkPJjtJ8fBxVJhFKDw,6mvmqd2hd0f9npy8kh5lpx,497515711592039,222668909378040,48.308410311448,-3.5753596684988,48.308367458752,-3.5752896937523
1a1vWkPJjtJ8fBxVJhFKDw,6mvmqd2hd0f9npy8kh5lpx,860927287831187,222668909378040,48.308371227197,-3.5752692620012,48.308367458752,-3.5752896937523
1a1vWkPJjtJ8fBxVJhFKDw,6mvmqd2hd0f9npy8kh5lpx,149634017177268,3113590268870277,48.308290694758,-3.5750921540005,48.308293252201,-3.5751609349412
1a1vWkPJjtJ8fBxVJhFKDw,6mvmqd2hd0f9npy8kh5lpx,798241914417045,515602189791667,48.308223472098,-3.5749476305018,48.308232144352,-3.5750338658506
1a1vWkPJjtJ8fBxVJhFKDw,6mvmqd2hd0f9npy8kh5lpx,4327503990614189,1235292326927084,48.308127762003,-3.5747400906002,48.308110101497,-3.5747786708981
1a1vWkPJjtJ8fBxVJhFKDw,6mvmqd2hd0f9npy8kh5lpx,150646343741540,792326218320144,48.308035842294,-3.5745348466989,48.308006282598,-3.5745447333988
1a1vWkPJjtJ8fBxVJhFKDw,6mvmqd2hd0f9npy8kh5lpx,141465654666221,469708250789735,48.307914638699,-3.5742749837974,48.307878009998,-3.5742795702505
1a1vWkPJjtJ8fBxVJhFKDw,6mvmqd2hd0f9npy8kh5lpx,800256310604278,497571298122988,48.307865525549,-3.5741697559469,48.307821255599,-3.5741757623972
1a1vWkPJjtJ8fBxVJhFKDw,6mvmqd2hd0f9npy8kh5lpx,1185783081892395,3006416146350347,48.307761024903,-3.5739674138018,48.307732475998,-3.5739944920027
1a1vWkPJjtJ8fBxVJhFKDw,6mvmqd2hd0f9npy8kh5lpx,390868652505390,304334654700490,48.307712270403,-3.5738637229987,48.3076756224,-3.5738771943974
1a1vWkPJjtJ8fBxVJhFKDw,6mvmqd2hd0f9npy8kh5lpx,1210514652738018,145618090835231,48.307632426002,-3.5736751785023,48.30758433895,-3.5737230554473
1a1vWkPJjtJ8fBxVJhFKDw,6mvmqd2hd0f9npy8kh5lpx,219772829954964,116018300565362,48.307557939597,-3.5735218421473,48.307497249725,-3.5735712120014
1a1vWkPJjtJ8fBxVJhFKDw,6mvmqd2hd0f9npy8kh5lpx,467690330976566,339593394177838,48.307463654002,-3.573310670001,48.30740102375,-3.573391545001
1a1vWkPJjtJ8fBxVJhFKDw,6mvmqd2hd0f9npy8kh5lpx,523908958984366,375557177227051,48.307412457503,-3.5732083442997,48.3073442255,-3.5732690146498
1a1vWkPJjtJ8fBxVJhFKDw,6mvmqd2hd0f9npy8kh5lpx,292894569236260,471423770609189,48.307314814815,-3.5730474140495,48.307269939998,-3.5731263319996
1a1vWkPJjtJ8fBxVJhFKDw,6mvmqd2hd0f9npy8kh5lpx,1422888288051522,3010067722548211,48.307230024048,-3.5729147992473,48.307177654648,-3.5729974413519
1a1vWkPJjtJ8fBxVJhFKDw,6mvmqd2hd0f9npy8kh5lpx,4021765987937987,1009060652958489,48.307105629552,-3.5727606364525,48.307092218199,-3.5728687639992
1a1vWkPJjtJ8fBxVJhFKDw,6mvmqd2hd0f9npy8kh5lpx,993037368106483,247662307129556,48.3069980621,-3.5726439679024,48.30699938,-3.5727730049637
1a1vWkPJjtJ8fBxVJhFKDw,6mvmqd2hd0f9npy8kh5lpx,776159093268497,556711898649402,48.306932801902,-3.5725774765987,48.306911273601,-3.5726668835999
1a1vWkPJjtJ8fBxVJhFKDw,6mvmqd2hd0f9npy8kh5lpx,894687014448250,3069402739961493,48.306826335502,-3.5724914483026,48.306811845798,-3.5725849368006
1a1vWkPJjtJ8fBxVJhFKDw,6mvmqd2hd0f9npy8kh5lpx,296377602158563,473597523871118,48.306713976248,-3.5723981650009,48.306722106722,-3.5725075265014
1a1vWkPJjtJ8fBxVJhFKDw,6mvmqd2hd0f9npy8kh5lpx,1540319696299984,1479083445765849,48.306637767503,-3.5723330074943,48.306634132398,-3.5724368780024
1a1vWkPJjtJ8fBxVJhFKDw,6mvmqd2hd0f9npy8kh5lpx,472363197403270,223299592642311,48.3065984,-3.5723005999975,48.306518549599,-3.5723636183983
1a1vWkPJjtJ8fBxVJhFKDw,6mvmqd2hd0f9npy8kh5lpx,1118464728623215,223299592642311,48.306532975997,-3.5722572779975,48.306518549599,-3.5723636183983
1a1vWkPJjtJ8fBxVJhFKDw,6mvmqd2hd0f9npy8kh5lpx,3505265062908513,265062865374261,48.306470502901,-3.5722419686508,48.306407715098,-3.5722889370994
1a1vWkPJjtJ8fBxVJhFKDw,6mvmqd2hd0f9npy8kh5lpx,180643227279764,265062865374261,48.306437804798,-3.5722222222222,48.306407715098,-3.5722889370994
1a1vWkPJjtJ8fBxVJhFKDw,6mvmqd2hd0f9npy8kh5lpx,4384470948253835,2964947607165192,48.306342450802,-3.5721854860011,48.306295983483,-3.5722155279988
1a1vWkPJjtJ8fBxVJhFKDw,6mvmqd2hd0f9npy8kh5lpx,798474074439761,545293246471755,48.306232372497,-3.5721501349979,48.306198944802,-3.572177756798
1a1vWkPJjtJ8fBxVJhFKDw,6mvmqd2hd0f9npy8kh5lpx,664149974424160,474506163803294,48.306157487923,-3.5721233359982,48.3061313641,-3.5721827392007
1a1vWkPJjtJ8fBxVJhFKDw,6mvmqd2hd0f9npy8kh5lpx,529005731453378,239645131261656,48.306021695199,-3.5720694759981,48.306020609702,-3.5721552786016
1a1vWkPJjtJ8fBxVJhFKDw,6mvmqd2hd0f9npy8kh5lpx,158610046270679,172206654836159,48.305963166998,-3.5720496201987,48.305903439648,-3.5721047735982
1a1vWkPJjtJ8fBxVJhFKDw,6mvmqd2hd0f9npy8kh5lpx,754641165217880,476564860091175,48.305790782598,-3.5720198756008,48.305799016048,-3.5720737065479
1a1vWkPJjtJ8fBxVJhFKDw,6mvmqd2hd0f9npy8kh5lpx,486410659271928,690446625061672,48.305670120998,-3.5720019306977,48.305694444444,-3.5720463662486
1a1vWkPJjtJ8fBxVJhFKDw,6mvmqd2hd0f9npy8kh5lpx,1081961768994871,2904456286548277,48.305537595399,-3.5720006539997,48.305484011998,-3.5720588235294
1a1vWkPJjtJ8fBxVJhFKDw,6mvmqd2hd0f9npy8kh5lpx,269550768227134,3006665229618700,48.305406228998,-3.572003600823,48.305378513002,-3.572049501998
1a1vWkPJjtJ8fBxVJhFKDw,6mvmqd2hd0f9npy8kh5lpx,1423847514636547,387399152520073,48.30526867031,-3.5720146949995,48.305280528053,-3.5720598699977
1a1vWkPJjtJ8fBxVJhFKDw,6mvmqd2hd0f9npy8kh5lpx,148186667289835,2925188297753543,48.305129276802,-3.5720158447977,48.305176506197,-3.5720756421013
1a1vWkPJjtJ8fBxVJhFKDw,6mvmqd2hd0f9npy8kh5lpx,270800658116626,341462610698882,48.3049848112,-3.5720135112023,48.304969471401,-3.5720636911006
1a1vWkPJjtJ8fBxVJhFKDw,6mvmqd2hd0f9npy8kh5lpx,2897112100545157,921282278650342,48.304835730501,-3.5720158520018,48.304873371147,-3.5720435422995
1a1vWkPJjtJ8fBxVJhFKDw,6mvmqd2hd0f9npy8kh5lpx,300774838046530,921499078411283,48.3047329196,-3.572013408002,48.304759963768,-3.5720280033924
1a1vWkPJjtJ8fBxVJhFKDw,6mvmqd2hd0f9npy8kh5lpx,315280806765422,752350795425735,48.304557958801,-3.5719702604003,48.304532393401,-3.5720266683974
1a1vWkPJjtJ8fBxVJhFKDw,6mvmqd2hd0f9npy8kh5lpx,771591473549640,1274658632948878,48.304462778502,-3.5719254129976,48.304452023247,-3.5720237075121
1a1vWkPJjtJ8fBxVJhFKDw,6mvmqd2hd0f9npy8kh5lpx,918336399019814,313252867010532,48.304331902099,-3.5718425120475,48.304242960002,-3.5719235287508
1a1vWkPJjtJ8fBxVJhFKDw,6mvmqd2hd0f9npy8kh5lpx,894070994487974,296253405531453,48.304171549002,-3.5717486091994,48.304169416942,-3.5718455339021
1a1vWkPJjtJ8fBxVJhFKDw,6mvmqd2hd0f9npy8kh5lpx,210197577386710,502437677859163,48.304084934503,-3.5716976649999,48.304082670703,-3.5717531415012
1a1vWkPJjtJ8fBxVJhFKDw,6mvmqd2hd0f9npy8kh5lpx,2823124517999697,3036589799907007,48.303994974,-3.5716299729996,48.304015510301,-3.5716960373987
1a1vWkPJjtJ8fBxVJhFKDw,6mvmqd2hd0f9npy8kh5lpx,3980116462084283,145528497510529,48.303849072052,-3.5714920969521,48.303865781099,-3.5715627508989
1a1vWkPJjtJ8fBxVJhFKDw,6mvmqd2hd0f9npy8kh5lpx,1967571903390326,250377206839157,48.303763075502,-3.5713854541854,48.303706187797,-3.5714044679995
1a1vWkPJjtJ8fBxVJhFKDw,6mvmqd2hd0f9npy8kh5lpx,179208840777989,875051486411903,48.303660873601,-3.5712244871991,48.303636709997,-3.5713367045014
1a1vWkPJjtJ8fBxVJhFKDw,6mvmqd2hd0f9npy8kh5lpx,1126492547844914,570462340591473,48.3035720953,-3.5710662455005,48.303505970252,-3.5711462827487
1a1vWkPJjtJ8fBxVJhFKDw,6mvmqd2hd0f9npy8kh5lpx,2561615880799667,330750375063729,48.303441384898,-3.5708205807981,48.303359185497,-3.5708161214989
1a1vWkPJjtJ8fBxVJhFKDw,6mvmqd2hd0f9npy8kh5lpx,310028257317131,330750375063729,48.303398704,-3.5707272640009,48.303359185497,-3.5708161214989
1a1vWkPJjtJ8fBxVJhFKDw,6mvmqd2hd0f9npy8kh5lpx,811570816166963,1209264172879822,48.303323747998,-3.5705309226,48.303266040003,-3.5705583058306
1a1vWkPJjtJ8fBxVJhFKDw,6mvmqd2hd0f9npy8kh5lpx,142594611230913,551971659297707,48.303258822,-3.5703327340004,48.303197816998,-3.5703063009981
1a1vWkPJjtJ8fBxVJhFKDw,6mvmqd2hd0f9npy8kh5lpx,523709595299746,389674232275926,48.303208077402,-3.5701545429978,48.303168859649,-3.5701775172021
1a1vWkPJjtJ8fBxVJhFKDw,6mvmqd2hd0f9npy8kh5lpx,4113559918702968,139101654843650,48.303150222001,-3.5699725859986,48.303102307399,-3.5700359309978
1a1vWkPJjtJ8fBxVJhFKDw,6mvmqd2hd0f9npy8kh5lpx,279412537214747,828241521133425,48.303081100403,-3.5697552910053,48.303067441998,-3.5698611111111
1a1vWkPJjtJ8fBxVJhFKDw,6mvmqd2hd0f9npy8kh5lpx,347999053337903,505075874184674,48.3030382828,-3.5695473745976,48.302995974401,-3.5695755326017
1a1vWkPJjtJ8fBxVJhFKDw,6mvmqd2hd0f9npy8kh5lpx,506856297115251,532237257946460,48.302969313648,-3.5692749357973,48.302928844998,-3.56925
1a1vWkPJjtJ8fBxVJhFKDw,6mvmqd2hd0f9npy8kh5lpx,156357409782113,532237257946460,48.302943557499,-3.5692117700011,48.302928844998,-3.56925
1a1vWkPJjtJ8fBxVJhFKDw,6mvmqd2hd0f9npy8kh5lpx,476706836913211,2915164345478129,48.302917364601,-3.5691121139985,48.302893797997,-3.5691310072027
1a1vWkPJjtJ8fBxVJhFKDw,6mvmqd2hd0f9npy8kh5lpx,313584820341975,917495072379647,48.302894900003,-3.5690395,48.302856965001,-3.5690057824975
1a1vWkPJjtJ8fBxVJhFKDw,6mvmqd2hd0f9npy8kh5lpx,922704105242310,917495072379647,48.302883900002,-3.5689562000026,48.302856965001,-3.5690057824975
1a1vWkPJjtJ8fBxVJhFKDw,6mvmqd2hd0f9npy8kh5lpx,1028924554303833,917495072379647,48.302883979198,-3.5689549903981,48.302856965001,-3.5690057824975
1a1vWkPJjtJ8fBxVJhFKDw,6mvmqd2hd0f9npy8kh5lpx,783376182567542,917495072379647,48.3028786341,-3.5689172816986,48.302856965001,-3.5690057824975
1a1vWkPJjtJ8fBxVJhFKDw,6mvmqd2hd0f9npy8kh5lpx,211668547228221,488934605697431,48.302862580853,-3.5688677476003,48.302819788201,-3.5688781954018
1a1vWkPJjtJ8fBxVJhFKDw,6mvmqd2hd0f9npy8kh5lpx,530406624999324,747940619235281,48.302842687397,-3.5687996199987,48.302790313249,-3.568770342002
1a1vWkPJjtJ8fBxVJhFKDw,6mvmqd2hd0f9npy8kh5lpx,489569692161177,747940619235281,48.302827073402,-3.5687365430994,48.302790313249,-3.568770342002
1a1vWkPJjtJ8fBxVJhFKDw,6mvmqd2hd0f9npy8kh5lpx,1580363428823819,746527449355272,48.302817289,-3.5686726109984,48.302768677249,-3.5686605722025
1a1vWkPJjtJ8fBxVJhFKDw,6mvmqd2hd0f9npy8kh5lpx,255348576367278,746527449355272,48.302809388149,-3.5686195286195,48.302768677249,-3.5686605722025
1a1vWkPJjtJ8fBxVJhFKDw,6mvmqd2hd0f9npy8kh5lpx,289786492817441,321785972691303,48.302788177449,-3.5685526581003,48.302747035802,-3.5685524187999
1a1vWkPJjtJ8fBxVJhFKDw,6mvmqd2hd0f9npy8kh5lpx,151857566913800,321785972691303,48.302780528053,-3.5684815299994,48.302747035802,-3.5685524187999
1a1vWkPJjtJ8fBxVJhFKDw,6mvmqd2hd0f9npy8kh5lpx,209156254178843,321785972691303,48.302780528053,-3.5684681181017,48.302747035802,-3.5685524187999
1a1vWkPJjtJ8fBxVJhFKDw,6mvmqd2hd0f9npy8kh5lpx,1153710268477141,291233645988975,48.3027317589,-3.5683250334022,48.302711347001,-3.5684301465015
1a1vWkPJjtJ8fBxVJhFKDw,6mvmqd2hd0f9npy8kh5lpx,2960183374306084,2122402227901462,48.302701702402,-3.5682362924019,48.302663526499,-3.5682768949989
1a1vWkPJjtJ8fBxVJhFKDw,6mvmqd2hd0f9npy8kh5lpx,148517543955935,142273574612870,48.302660866749,-3.5680768312482,48.302640297198,-3.5681459312979
1a1vWkPJjtJ8fBxVJhFKDw,6mvmqd2hd0f9npy8kh5lpx,4347889755221636,331229145070398,48.302632055197,-3.5679408393974,48.302613878598,-3.5680112669974
1a1vWkPJjtJ8fBxVJhFKDw,6mvmqd2hd0f9npy8kh5lpx,2916121685364588,227717702114171,48.302590311501,-3.5677746184505,48.302557625152,-3.5678693614472
1a1vWkPJjtJ8fBxVJhFKDw,6mvmqd2hd0f9npy8kh5lpx,845536659365314,670051223816311,48.302546296296,-3.5675983404025,48.302482229402,-3.5675721098978
1a1vWkPJjtJ8fBxVJhFKDw,6mvmqd2hd0f9npy8kh5lpx,834886584114658,670051223816311,48.302519642598,-3.5675071843976,48.302482229402,-3.5675721098978
1a1vWkPJjtJ8fBxVJhFKDw,6mvmqd2hd0f9npy8kh5lpx,1905889092911449,225012509429903,48.3024732876,-3.5673319722013,48.302446085998,-3.5674251480027
1a1vWkPJjtJ8fBxVJhFKDw,6mvmqd2hd0f9npy8kh5lpx,871156300417776,2554041464898953,48.302421805206,-3.5671399136145,48.302371387101,-3.5671375208001
1a1vWkPJjtJ8fBxVJhFKDw,6mvmqd2hd0f9npy8kh5lpx,737202610280148,4048538311874556,48.302370271901,-3.566958895601,48.30233344741,-3.5669952840024
1a1vWkPJjtJ8fBxVJhFKDw,6mvmqd2hd0f9npy8kh5lpx,469909967451968,1120245338472904,48.3023184768,-3.5667761509978,48.302292573601,-3.5668503604001
1a1vWkPJjtJ8fBxVJhFKDw,6mvmqd2hd0f9npy8kh5lpx,1362801640767620,5508733465834837,48.302260912598,-3.5665988885991,48.302205483202,-3.5665700551975
1a1vWkPJjtJ8fBxVJhFKDw,6mvmqd2hd0f9npy8kh5lpx,203410248264963,959140961509276,48.302199362,-3.566420302002,48.302153579252,-3.5664351851852
1a1vWkPJjtJ8fBxVJhFKDw,6mvmqd2hd0f9npy8kh5lpx,760521791278523,307570644178186,48.302121475402,-3.5662117507977,48.302057350398,-3.5662077237065
1a1vWkPJjtJ8fBxVJhFKDw,6mvmqd2hd0f9npy8kh5lpx,541746616816304,132559575508551,48.302060415002,-3.5660876475002,48.302025022297,-3.5661081326812
1a1vWkPJjtJ8fBxVJhFKDw,6mvmqd2hd0f9npy8kh5lpx,988922388546714,153359596806441,48.3019863454,-3.5659077743998,48.301932823,-3.5659150970018
1a1vWkPJjtJ8fBxVJhFKDw,6mvmqd2hd0f9npy8kh5lpx,580706089559029,478941163338578,48.301890546002,-3.5656951423786,48.301869964298,-3.5658004476002
1a1vWkPJjtJ8fBxVJhFKDw,6mvmqd2hd0f9npy8kh5lpx,797253894562851,327495558889879,48.301823541798,-3.5655658487044,48.301812209002,-3.5656693160006
1a1vWkPJjtJ8fBxVJhFKDw,6mvmqd2hd0f9npy8kh5lpx,610419107026414,1649962168526102,48.301726079898,-3.5654029411026,48.301687129999,-3.5654506688023
1a1vWkPJjtJ8fBxVJhFKDw,6mvmqd2hd0f9npy8kh5lpx,4237318146326123,496405705008748,48.3015964032,-3.5652094176027,48.301560413201,-3.565250661999
1a1vWkPJjtJ8fBxVJhFKDw,6mvmqd2hd0f9npy8kh5lpx,1130010370820344,267004598492968,48.301488490202,-3.5650520383002,48.301429446251,-3.5650490387476
1a1vWkPJjtJ8fBxVJhFKDw,6mvmqd2hd0f9npy8kh5lpx,1837069519799715,306461761057516,48.301408425997,-3.5649269985996,48.301361464298,-3.5649460308018
1a1vWkPJjtJ8fBxVJhFKDw,6mvmqd2hd0f9npy8kh5lpx,501207987686313,491383512197804,48.3013062954,-3.5647664877993,48.301300761603,-3.5648229239981
1a1vWkPJjtJ8fBxVJhFKDw,6mvmqd2hd0f9npy8kh5lpx,326658282140674,3972619349480514,48.301165691001,-3.5645389420013,48.301140936001,-3.5645427199986
1a1vWkPJjtJ8fBxVJhFKDw,6mvmqd2hd0f9npy8kh5lpx,1622586754602739,409048860066533,48.3010934808,-3.5644258916017,48.3010698555,-3.5644512785011
1a1vWkPJjtJ8fBxVJhFKDw,6mvmqd2hd0f9npy8kh5lpx,154718026555559,3017725011779691,48.300973472,-3.5642225587989,48.30093079625,-3.5642519088493
1a1vWkPJjtJ8fBxVJhFKDw,6mvmqd2hd0f9npy8kh5lpx,1137045453466782,3830762293701641,48.300925279698,-3.5641410545978,48.300862094951,-3.5641666666667
1a1vWkPJjtJ8fBxVJhFKDw,6mvmqd2hd0f9npy8kh5lpx,155697213188328,814695932810880,48.300798522652,-3.5639566857491,48.3007458785,-3.5640502582025
1a1vWkPJjtJ8fBxVJhFKDw,6mvmqd2hd0f9npy8kh5lpx,790551414930988,3936710226451119,48.300691514,-3.563787774998,48.300605121998,-3.5638479119999
1a1vWkPJjtJ8fBxVJhFKDw,6mvmqd2hd0f9npy8kh5lpx,1069483573578973,3936710226451119,48.3006638,-3.5637436,48.300605121998,-3.5638479119999
1a1vWkPJjtJ8fBxVJhFKDw,6mvmqd2hd0f9npy8kh5lpx,508057370607884,3936710226451119,48.3006638,-3.5637436,48.300605121998,-3.5638479119999
1a1vWkPJjtJ8fBxVJhFKDw,6mvmqd2hd0f9npy8kh5lpx,315563600016395,319619489619461,48.300602618002,-3.5636736240024,48.300555555556,-3.5637688037986
1a1vWkPJjtJ8fBxVJhFKDw,6mvmqd2hd0f9npy8kh5lpx,373201594121138,515940503110441,48.300562163102,-3.5636047589026,48.300507237998,-3.5636795514021
1a1vWkPJjtJ8fBxVJhFKDw,6mvmqd2hd0f9npy8kh5lpx,337124377778853,323096816065530,48.300521251401,-3.5635432237996,48.300447596802,-3.5635650232524
1a1vWkPJjtJ8fBxVJhFKDw,6mvmqd2hd0f9npy8kh5lpx,296538561947236,323096816065530,48.300462962963,-3.5634499212486,48.300447596802,-3.5635650232524
1a1vWkPJjtJ8fBxVJhFKDw,6mvmqd2hd0f9npy8kh5lpx,183291506999850,490934038854947,48.3004246439,-3.5633939731027,48.300382527399,-3.5634533740002
1a1vWkPJjtJ8fBxVJhFKDw,6mvmqd2hd0f9npy8kh5lpx,2921262081493225,272416957956926,48.300345935599,-3.5632839835996,48.300317013998,-3.563348415002
1a1vWkPJjtJ8fBxVJhFKDw,6mvmqd2hd0f9npy8kh5lpx,482208719501068,4230765866946700,48.3002376744,-3.5631213494015,48.300183425002,-3.5630962604973
1a1vWkPJjtJ8fBxVJhFKDw,6mvmqd2hd0f9npy8kh5lpx,502226054167639,4230765866946700,48.30018433455,-3.5630389438518,48.300183425002,-3.5630962604973
1a1vWkPJjtJ8fBxVJhFKDw,6mvmqd2hd0f9npy8kh5lpx,1176386476107723,1693422660868352,48.300091723799,-3.5629173646008,48.300116574697,-3.5629762491782
1a1vWkPJjtJ8fBxVJhFKDw,6mvmqd2hd0f9npy8kh5lpx,520505845618375,1462595594121106,48.299982528801,-3.5627511623991,48.299969064802,-3.5627482482999
1a1vWkPJjtJ8fBxVJhFKDw,6mvmqd2hd0f9npy8kh5lpx,4219885091395950,502273504532586,48.299859874298,-3.5625375162523,48.299833532501,-3.5625314230019
1a1vWkPJjtJ8fBxVJhFKDw,6mvmqd2hd0f9npy8kh5lpx,2933644013574829,476191576789132,48.299764519601,-3.5623846351974,48.299742243598,-3.5624020032027
1a1vWkPJjtJ8fBxVJhFKDw,6mvmqd2hd0f9npy8kh5lpx,773253210220516,222184329427521,48.299701110501,-3.5622833904999,48.299676539002,-3.5623117442026
1a1vWkPJjtJ8fBxVJhFKDw,6mvmqd2hd0f9npy8kh5lpx,2766135413699388,225332079064872,48.299597620698,-3.5621186721011,48.299543432599,-3.5621079684026
1a1vWkPJjtJ8fBxVJhFKDw,6mvmqd2hd0f9npy8kh5lpx,1145399635968053,2886745458312733,48.299472351198,-3.5619065242018,48.299410503502,-3.5619142915984
1a1vWkPJjtJ8fBxVJhFKDw,6mvmqd2hd0f9npy8kh5lpx,196508448871265,2886745458312733,48.299415284798,-3.5618151363992,48.299410503502,-3.5619142915984
1a1vWkPJjtJ8fBxVJhFKDw,6mvmqd2hd0f9npy8kh5lpx,1063261014167200,157911903016464,48.2993187975,-3.5616876500007,48.299267784502,-3.5617299759985
1a1vWkPJjtJ8fBxVJhFKDw,6mvmqd2hd0f9npy8kh5lpx,583891092562253,4429508030450209,48.299241724403,-3.5615915701989,48.299200249001,-3.5615949749975
1a1vWkPJjtJ8fBxVJhFKDw,6mvmqd2hd0f9npy8kh5lpx,456596965643097,4429508030450209,48.299205387205,-3.5615404342982,48.299200249001,-3.5615949749975
1a1vWkPJjtJ8fBxVJhFKDw,6mvmqd2hd0f9npy8kh5lpx,4104432342981210,300563234915512,48.299112173598,-3.5613983726016,48.299057574798,-3.5613745715976
1a1vWkPJjtJ8fBxVJhFKDw,6mvmqd2hd0f9npy8kh5lpx,573977643568871,300563234915512,48.299099300001,-3.5613779000011,48.299057574798,-3.5613745715976
1a1vWkPJjtJ8fBxVJhFKDw,6mvmqd2hd0f9npy8kh5lpx,271199238039768,300563234915512,48.299099300001,-3.5613779000011,48.299057574798,-3.5613745715976
1a1vWkPJjtJ8fBxVJhFKDw,6mvmqd2hd0f9npy8kh5lpx,898184807706425,529035131806990,48.299041284002,-3.5612757275014,48.298990000101,-3.5613029980982
1a1vWkPJjtJ8fBxVJhFKDw,6mvmqd2hd0f9npy8kh5lpx,781038416136404,529035131806990,48.299016900003,-3.5612455,48.298990000101,-3.5613029980982
1a1vWkPJjtJ8fBxVJhFKDw,6mvmqd2hd0f9npy8kh5lpx,176629937707003,529035131806990,48.299016900003,-3.5612455,48.298990000101,-3.5613029980982
1a1vWkPJjtJ8fBxVJhFKDw,6mvmqd2hd0f9npy8kh5lpx,250083913538132,916649849187703,48.29897019149,-3.5611630657506,48.298905801151,-3.5612022866498
1a1vWkPJjtJ8fBxVJhFKDw,6mvmqd2hd0f9npy8kh5lpx,925854254652912,916649849187703,48.298928344801,-3.561106803995,48.298905801151,-3.5612022866498
1a1vWkPJjtJ8fBxVJhFKDw,6mvmqd2hd0f9npy8kh5lpx,171986814839434,772919260082874,48.298901028003,-3.5610572510016,48.298841479003,-3.5610724574973
1a1vWkPJjtJ8fBxVJhFKDw,6mvmqd2hd0f9npy8kh5lpx,295298788914072,934957183956315,48.298821941501,-3.5609448854979,48.298764979998,-3.5609875539998
1a1vWkPJjtJ8fBxVJhFKDw,6mvmqd2hd0f9npy8kh5lpx,1374915359559233,189244366409233,48.298754725002,-3.5608474750016,48.298704553752,-3.5608902719982
1a1vWkPJjtJ8fBxVJhFKDw,6mvmqd2hd0f9npy8kh5lpx,190448576271637,189244366409233,48.298709694399,-3.5607782182026,48.298704553752,-3.5608902719982
1a1vWkPJjtJ8fBxVJhFKDw,6mvmqd2hd0f9npy8kh5lpx,815526042414903,167314505333757,48.298560480002,-3.5605493959997,48.298513314002,-3.5606259039976
1a1vWkPJjtJ8fBxVJhFKDw,6mvmqd2hd0f9npy8kh5lpx,505358890804997,4000213626733173,48.298500521999,-3.5604521276596,48.298440115197,-3.5605524599996
1a1vWkPJjtJ8fBxVJhFKDw,6mvmqd2hd0f9npy8kh5lpx,1296885217373359,1686956858163241,48.298396395551,-3.5603279793495,48.298313888889,-3.5603565451975
1a1vWkPJjtJ8fBxVJhFKDw,6mvmqd2hd0f9npy8kh5lpx,896767924203674,4648372448524328,48.298302107052,-3.5601796325982,48.298246579102,-3.5602627805001
1a1vWkPJjtJ8fBxVJhFKDw,6mvmqd2hd0f9npy8kh5lpx,805732700048812,851133108858344,48.298214220602,-3.5599625263995,48.298101767585,-3.5600547822984
1a1vWkPJjtJ8fBxVJhFKDw,6mvmqd2hd0f9npy8kh5lpx,315426296659099,967308550690433,48.298112687998,-3.5598043552007,48.298025555103,-3.5599401952018
1a1vWkPJjtJ8fBxVJhFKDw,6mvmqd2hd0f9npy8kh5lpx,1123962148126025,324967018989623,48.2979552036,-3.5595736795984,48.297865227392,-3.5597157193012
1a1vWkPJjtJ8fBxVJhFKDw,6mvmqd2hd0f9npy8kh5lpx,808178256799552,3083540958542920,48.297887893503,-3.5594712808013,48.297794650802,-3.5595833333333
1a1vWkPJjtJ8fBxVJhFKDw,6mvmqd2hd0f9npy8kh5lpx,637212397679099,142110891286448,48.297784195997,-3.5593123094974,48.297729077002,-3.559406546501
1a1vWkPJjtJ8fBxVJhFKDw,6mvmqd2hd0f9npy8kh5lpx,171791691530071,117681177057364,48.2976647577,-3.5591242525993,48.297590308847,-3.5591700232025
1a1vWkPJjtJ8fBxVJhFKDw,6mvmqd2hd0f9npy8kh5lpx,502399357777412,1070209373388132,48.297571712097,-3.5589861892989,48.297529737501,-3.5590495589975
1a1vWkPJjtJ8fBxVJhFKDw,6mvmqd2hd0f9npy8kh5lpx,2864585123791303,286656306460364,48.297459757998,-3.5588167085016,48.297395878369,-3.5588607965996
1a1vWkPJjtJ8fBxVJhFKDw,6mvmqd2hd0f9npy8kh5lpx,470764597485383,143298897842504,48.297361111111,-3.5586807331628,48.297334205197,-3.5587735191984
1a1vWkPJjtJ8fBxVJhFKDw,6mvmqd2hd0f9npy8kh5lpx,919582922163350,222236012760174,48.297273010003,-3.5585551287523,48.297228829249,-3.5585851302477
1a1vWkPJjtJ8fBxVJhFKDw,6mvmqd2hd0f9npy8kh5lpx,4142642005783783,506206797182964,48.297183224802,-3.5584256120527,48.29716769875,-3.558497026498
1a1vWkPJjtJ8fBxVJhFKDw,6mvmqd2hd0f9npy8kh5lpx,4165973763462797,1396536837387529,48.297076313002,-3.5582648169986,48.297032172092,-3.5583166524976
1a1vWkPJjtJ8fBxVJhFKDw,6mvmqd2hd0f9npy8kh5lpx,809638989972878,1000828767123376,48.296993633,-3.5581423899023,48.296971260702,-3.5582299378021
1a1vWkPJjtJ8fBxVJhFKDw,6mvmqd2hd0f9npy8kh5lpx,937878323721644,854140092127728,48.296919052801,-3.5580195260027,48.29685424345,-3.5580555555556
1a1vWkPJjtJ8fBxVJhFKDw,6mvmqd2hd0f9npy8kh5lpx,197442752201344,854140092127728,48.296882953799,-3.5579581797997,48.29685424345,-3.5580555555556
1a1vWkPJjtJ8fBxVJhFKDw,6mvmqd2hd0f9npy8kh5lpx,1539400246230622,471889457448905,48.296816745549,-3.5578493920515,48.296756216351,-3.5578796079025
1a1vWkPJjtJ8fBxVJhFKDw,6mvmqd2hd0f9npy8kh5lpx,2844373685825200,160533286037131,48.296763970601,-3.5577750275028,48.296711207199,-3.5577949797025
1a1vWkPJjtJ8fBxVJhFKDw,6mvmqd2hd0f9npy8kh5lpx,1069237083603869,160533286037131,48.296733147498,-3.5577300134999,48.296711207199,-3.5577949797025
1a1vWkPJjtJ8fBxVJhFKDw,6mvmqd2hd0f9npy8kh5lpx,837232490223157,823187455270927,48.296690271651,-3.557658426802,48.296669416942,-3.5577195397997
1a1vWkPJjtJ8fBxVJhFKDw,6mvmqd2hd0f9npy8kh5lpx,2869656913249168,218085736561882,48.296649893349,-3.5575971816483,48.296627985601,-3.5576535460013
1a1vWkPJjtJ8fBxVJhFKDw,6mvmqd2hd0f9npy8kh5lpx,3028099624093428,485526086057859,48.296607610502,-3.5575389232487,48.296585723103,-3.5575983150983
1a1vWkPJjtJ8fBxVJhFKDw,6mvmqd2hd0f9npy8kh5lpx,1168022493642550,842159686508295,48.296535923001,-3.5574374370009,48.296484959648,-3.5574609968501
1a1vWkPJjtJ8fBxVJhFKDw,6mvmqd2hd0f9npy8kh5lpx,242453177677415,492197982090839,48.296483129397,-3.5573632507009,48.296428086399,-3.5573803168005
1a1vWkPJjtJ8fBxVJhFKDw,6mvmqd2hd0f9npy8kh5lpx,846908272910815,492197982090839,48.296453202399,-3.5573163223977,48.296428086399,-3.5573803168005
1a1vWkPJjtJ8fBxVJhFKDw,6mvmqd2hd0f9npy8kh5lpx,340053427463766,304272437909503,48.296384837797,-3.5572149796011,48.296375789202,-3.5572958500669
1a1vWkPJjtJ8fBxVJhFKDw,6mvmqd2hd0f9npy8kh5lpx,1376607942739124,488594652453357,48.296346821249,-3.5571568072516,48.296329768301,-3.5572113789016
1a1vWkPJjtJ8fBxVJhFKDw,6mvmqd2hd0f9npy8kh5lpx,855178695344804,299178205215041,48.296296296296,-3.5570709399996,48.296275752051,-3.5571218057012
1a1vWkPJjtJ8fBxVJhFKDw,6mvmqd2hd0f9npy8kh5lpx,567896500849974,308355614241477,48.296253174399,-3.5570027844073,48.296218099202,-3.5570318864007
1a1vWkPJjtJ8fBxVJhFKDw,6mvmqd2hd0f9npy8kh5lpx,1081351288940771,495063541698260,48.2962074064,-3.5569340588011,48.29616840935,-3.5569491105021
1a1vWkPJjtJ8fBxVJhFKDw,6mvmqd2hd0f9npy8kh5lpx,2009306262541428,779660589401103,48.296160696602,-3.5568571688027,48.296116223002,-3.5568660652475
1a1vWkPJjtJ8fBxVJhFKDw,6mvmqd2hd0f9npy8kh5lpx,280796200437742,143465207775777,48.296102954901,-3.5567843411015,48.2960652413,-3.5567932414512
1a1vWkPJjtJ8fBxVJhFKDw,6mvmqd2hd0f9npy8kh5lpx,493743958492147,143465207775777,48.296066487201,-3.5567412466504,48.2960652413,-3.5567932414512
1a1vWkPJjtJ8fBxVJhFKDw,6mvmqd2hd0f9npy8kh5lpx,474082616995216,484611636186249,48.295995945,-3.5566441175021,48.295969487502,-3.556660307501
1a1vWkPJjtJ8fBxVJhFKDw,6mvmqd2hd0f9npy8kh5lpx,220629349533983,484611636186249,48.29596937175,-3.5565981812517,48.295969487502,-3.556660307501
1a1vWkPJjtJ8fBxVJhFKDw,6mvmqd2hd0f9npy8kh5lpx,623549632380399,308749900836766,48.295914649994,-3.5565188475008,48.295879710145,-3.5565270798437
1a1vWkPJjtJ8fBxVJhFKDw,6mvmqd2hd0f9npy8kh5lpx,1676487795887905,206431127982905,48.295849106302,-3.5564233490006,48.295830583058,-3.5564552756999
1a1vWkPJjtJ8fBxVJhFKDw,6mvmqd2hd0f9npy8kh5lpx,507839830253086,954680951966077,48.295798435899,-3.556361901399,48.295790675399,-3.5563825256975
1a1vWkPJjtJ8fBxVJhFKDw,6mvmqd2hd0f9npy8kh5lpx,962428654510025,482118712897113,48.295749495999,-3.5562873343979,48.295753598399,-3.5563111959996
1a1vWkPJjtJ8fBxVJhFKDw,6mvmqd2hd0f9npy8kh5lpx,1389688208072802,303708181393291,48.295703956502,-3.5562201724999,48.295713457252,-3.5562420061
1a1vWkPJjtJ8fBxVJhFKDw,6mvmqd2hd0f9npy8kh5lpx,458742715218960,877024943155618,48.2956694196,-3.5561793332021,48.295668556601,-3.5561748266014
1a1vWkPJjtJ8fBxVJhFKDw,6mvmqd2hd0f9npy8kh5lpx,187375739922317,815322565757136,48.295585425001,-3.5561233999978,48.295609345801,-3.5561221841021
1a1vWkPJjtJ8fBxVJhFKDw,6mvmqd2hd0f9npy8kh5lpx,4266402086705606,525965915428261,48.295546769103,-3.5561075147003,48.295547454102,-3.556080897002
1a1vWkPJjtJ8fBxVJhFKDw,6mvmqd2hd0f9npy8kh5lpx,182347123771513,949550949202930,48.295465659203,-3.5560339293022,48.295489131886,-3.5560379823975
1a1vWkPJjtJ8fBxVJhFKDw,6mvmqd2hd0f9npy8kh5lpx,160111126057104,493773628341767,48.295434517198,-3.5560007022472,48.295430796602,-3.5559789523012
1a1vWkPJjtJ8fBxVJhFKDw,6mvmqd2hd0f9npy8kh5lpx,815849789363197,478679636530165,48.295368286998,-3.555918020601,48.295378338002,-3.5559174177475
1a1vWkPJjtJ8fBxVJhFKDw,6mvmqd2hd0f9npy8kh5lpx,767635273955599,248744483691789,48.295331549003,-3.5558852708027,48.295335112,-3.5558587088017
1a1vWkPJjtJ8fBxVJhFKDw,6mvmqd2hd0f9npy8kh5lpx,1031845087649505,1157498584757502,48.295257652002,-3.5558007719996,48.295292911202,-3.5557937727999
1a1vWkPJjtJ8fBxVJhFKDw,6mvmqd2hd0f9npy8kh5lpx,497877911648836,627164178268227,48.295228374197,-3.5557626663984,48.295257993749,-3.5557262787519
1a1vWkPJjtJ8fBxVJhFKDw,6mvmqd2hd0f9npy8kh5lpx,381979399764303,3133861220170977,48.295158301599,-3.5556759225796,48.295177697251,-3.5555990333525
1a1vWkPJjtJ8fBxVJhFKDw,6mvmqd2hd0f9npy8kh5lpx,327811938736937,530415944664848,48.295113112802,-3.5556037199973,48.295130045201,-3.5555408992003
1a1vWkPJjtJ8fBxVJhFKDw,6mvmqd2hd0f9npy8kh5lpx,2983759221859504,4399232086775900,48.295075308579,-3.5555502377992,48.295079700016,-3.5554872792023
1a1vWkPJjtJ8fBxVJhFKDw,6mvmqd2hd0f9npy8kh5lpx,238619084685091,888192335098394,48.294987720999,-3.5554295476018,48.294970430797,-3.5554166666667
1a1vWkPJjtJ8fBxVJhFKDw,6mvmqd2hd0f9npy8kh5lpx,320627716161120,888192335098394,48.294953368198,-3.5553914798001,48.294970430797,-3.5554166666667
1a1vWkPJjtJ8fBxVJhFKDw,6mvmqd2hd0f9npy8kh5lpx,432891734445272,2934455486821199,48.294916017602,-3.5553395552025,48.294888888889,-3.5553622429019
1a1vWkPJjtJ8fBxVJhFKDw,6mvmqd2hd0f9npy8kh5lpx,489761798960821,2934455486821199,48.294902931448,-3.5553034708015,48.294888888889,-3.5553622429019
1a1vWkPJjtJ8fBxVJhFKDw,6mvmqd2hd0f9npy8kh5lpx,467240231006631,2934455486821199,48.294878499699,-3.5552596498026,48.294888888889,-3.5553622429019
1a1vWkPJjtJ8fBxVJhFKDw,6mvmqd2hd0f9npy8kh5lpx,488153512414041,929803667813328,48.294808745998,-3.5551751100012,48.294843976501,-3.5553692754981
1a1vWkPJjtJ8fBxVJhFKDw,6mvmqd2hd0f9npy8kh5lpx,112146700947990,1187745685060301,48.294786580998,-3.5551328736019,48.294675402,-3.5552153749982
1a1vWkPJjtJ8fBxVJhFKDw,6mvmqd2hd0f9npy8kh5lpx,4070559736355721,833433637593487,48.294781985,-3.555009485701,48.294653992448,-3.5551302760003
1a1vWkPJjtJ8fBxVJhFKDw,6mvmqd2hd0f9npy8kh5lpx,304819357953595,4400631526628244,48.294761904762,-3.5549064361989,48.2946307801,-3.5550424364985
1a1vWkPJjtJ8fBxVJhFKDw,6mvmqd2hd0f9npy8kh5lpx,493258678755836,1574976306041765,48.294717330052,-3.5548357037487,48.294604026999,-3.5549513579979
1a1vWkPJjtJ8fBxVJhFKDw,6mvmqd2hd0f9npy8kh5lpx,232333175331602,950396525798706,48.2946497023,-3.5547648280015,48.294569348899,-3.5548512058989
1a1vWkPJjtJ8fBxVJhFKDw,6mvmqd2hd0f9npy8kh5lpx,512598186441111,491300565525599,48.294614302998,-3.5547194719472,48.294535695753,-3.5547534732502
1a1vWkPJjtJ8fBxVJhFKDw,6mvmqd2hd0f9npy8kh5lpx,476095033719521,176551150942664,48.294322855202,-3.5547370514026,48.294315256802,-3.5546857495999
1a1vWkPJjtJ8fBxVJhFKDw,6mvmqd2hd0f9npy8kh5lpx,312714156970624,164134805671271,48.294271551998,-3.5547589296027,48.294234065198,-3.5547374684027
1a1vWkPJjtJ8fBxVJhFKDw,6mvmqd2hd0f9npy8kh5lpx,202650938368074,164134805671271,48.294199365602,-3.5547958688025,48.294234065198,-3.5547374684027
1a1vWkPJjtJ8fBxVJhFKDw,6mvmqd2hd0f9npy8kh5lpx,176276174401264,196697682305033,48.294115414599,-3.5548343440975,48.294143577249,-3.5547971059995
1a1vWkPJjtJ8fBxVJhFKDw,6mvmqd2hd0f9npy8kh5lpx,1925413790943966,3401386406631397,48.2940345079,-3.5548728198017,48.294050801598,-3.5548464695992
1a1vWkPJjtJ8fBxVJhFKDw,6mvmqd2hd0f9npy8kh5lpx,807895743467814,1121328215009399,48.293950942202,-3.5549111338973,48.293961394802,-3.5548899392003
1a1vWkPJjtJ8fBxVJhFKDw,6mvmqd2hd0f9npy8kh5lpx,571310197164192,1127755697745688,48.293900254001,-3.5549339356026,48.293870341498,-3.5549355324998
