5u6ffmp08ymli80jx0assa,J2QFAtzaTiCPOGx1DuIvWK,469926944234693,364178182082951,37.734271259972,139.32205882353,37.734262304998,139.32208666625
5u6ffmp08ymli80jx0assa,J2QFAtzaTiCPOGx1DuIvWK,280177250422958,232376235447779,37.733871770102,139.3222485461,37.73390009523,139.32226090784
5u6ffmp08ymli80jx0assa,J2QFAtzaTiCPOGx1DuIvWK,161318462508554,358350352596953,37.733471480493,139.32243864777,37.733499209109,139.32245182437
5u6ffmp08ymli80jx0assa,J2QFAtzaTiCPOGx1DuIvWK,134487482006393,828518301141361,37.733074427915,139.32266324731,37.733110436099,139.32263982336
5u6ffmp08ymli80jx0assa,J2QFAtzaTiCPOGx1DuIvWK,993832728089472,2631321940510327,37.732676319398,139.32290677334,37.732743826764,139.3228498781
5u6ffmp08ymli80jx0assa,J2QFAtzaTiCPOGx1DuIvWK,776143293288892,201922321906006,37.732280987919,139.32314860064,37.732364950316,139.323089652
5u6ffmp08ymli80jx0assa,J2QFAtzaTiCPOGx1DuIvWK,153239963421476,296561095574655,37.731911389502,139.3234106315,37.73197510752,139.32335137152
5u6ffmp08ymli80jx0assa,J2QFAtzaTiCPOGx1DuIvWK,1156760614748411,1005073390243675,37.731608260972,139.32371522703,37.7316186616,139.3235972722
5u6ffmp08ymli80jx0assa,J2QFAtzaTiCPOGx1DuIvWK,761740414523773,851972102358684,37.731334068263,139.32403427807,37.731252941798,139.32384421628
5u6ffmp08ymli80jx0assa,J2QFAtzaTiCPOGx1DuIvWK,340226137534208,567110514420486,37.731054203551,139.32435992904,37.730894317421,139.32410584654
5u6ffmp08ymli80jx0assa,J2QFAtzaTiCPOGx1DuIvWK,993942217852699,4629978377012650,37.730781344482,139.32469380427,37.730643858801,139.32465722976
5u6ffmp08ymli80jx0assa,J2QFAtzaTiCPOGx1DuIvWK,304643274576234,632268554327446,37.730551397621,139.3250526019,37.730378114008,139.32502287636
5u6ffmp08ymli80jx0assa,J2QFAtzaTiCPOGx1DuIvWK,486709125980748,977743736380641,37.730314063383,139.32542292643,37.730112193203,139.32548692501
5u6ffmp08ymli80jx0assa,J2QFAtzaTiCPOGx1DuIvWK,560718351578940,977743736380641,37.730079895157,139.32578831087,37.730112193203,139.32548692501
5u6ffmp08ymli80jx0assa,J2QFAtzaTiCPOGx1DuIvWK,267201918478963,577244926631958,37.729839394898,139.3261635755,37.729845218721,139.32595281237
5u6ffmp08ymli80jx0assa,J2QFAtzaTiCPOGx1DuIvWK,121309339989338,4153089411477501,37.729613669399,139.32651578633,37.729586541917,139.32640421977
5u6ffmp08ymli80jx0assa,J2QFAtzaTiCPOGx1DuIvWK,328042868665856,404630804418960,37.729378094059,139.32688336637,37.72931943573,139.32687033698
5u6ffmp08ymli80jx0assa,J2QFAtzaTiCPOGx1DuIvWK,3914180651997915,526540365265195,37.729142870498,139.3272503975,37.729060495507,139.32732220406
5u6ffmp08ymli80jx0assa,J2QFAtzaTiCPOGx1DuIvWK,801783523783950,284003873493833,37.728906237244,139.32762274704,37.728798497999,139.32776322684
5u6ffmp08ymli80jx0assa,J2QFAtzaTiCPOGx1DuIvWK,243811814201467,355084086150640,37.728665015779,139.32797858143,37.728521053638,139.32816493511
5u6ffmp08ymli80jx0assa,J2QFAtzaTiCPOGx1DuIvWK,547084526678314,355084086150640,37.728427049445,139.32831659353,37.728521053638,139.32816493511
5u6ffmp08ymli80jx0assa,J2QFAtzaTiCPOGx1DuIvWK,1453813448291926,365582878406450,37.728188004712,139.32865613741,37.728238007754,139.3286067917
5u6ffmp08ymli80jx0assa,J2QFAtzaTiCPOGx1DuIvWK,498917504880994,229204149209012,37.72794572479,139.32900027664,37.727933229908,139.32903760973
5u6ffmp08ymli80jx0assa,J2QFAtzaTiCPOGx1DuIvWK,2914776128760566,163986102407324,37.727702486296,139.32934577744,37.727630864953,139.32946501617
5u6ffmp08ymli80jx0assa,J2QFAtzaTiCPOGx1DuIvWK,316537510044276,265835015024774,37.727467156042,139.32968004522,37.727332873361,139.32988624238
5u6ffmp08ymli80jx0assa,J2QFAtzaTiCPOGx1DuIvWK,591533268474803,265835015024774,37.727230867216,139.33001567457,37.727332873361,139.32988624238
5u6ffmp08ymli80jx0assa,J2QFAtzaTiCPOGx1DuIvWK,1218748488527906,992821751452286,37.726987389079,139.33036151577,37.727032318068,139.33031109162
5u6ffmp08ymli80jx0assa,J2QFAtzaTiCPOGx1DuIvWK,2778995805747011,193127392728983,37.726744510047,139.33070650598,37.726725881365,139.33074425453
5u6ffmp08ymli80jx0assa,J2QFAtzaTiCPOGx1DuIvWK,2547359888899769,240246571173298,37.7265059446,139.33104536908,37.726427889772,139.33116547988
5u6ffmp08ymli80jx0assa,J2QFAtzaTiCPOGx1DuIvWK,311350367329030,536919260850278,37.72626510254,139.33138613861,37.726126882065,139.33159096864
5u6ffmp08ymli80jx0assa,J2QFAtzaTiCPOGx1DuIvWK,317489829982763,536919260850278,37.726033966059,139.3317157768,37.726126882065,139.33159096864
5u6ffmp08ymli80jx0assa,J2QFAtzaTiCPOGx1DuIvWK,196916322258443,253641886402823,37.725785814865,139.3320682557,37.725822405832,139.33202136032
5u6ffmp08ymli80jx0assa,J2QFAtzaTiCPOGx1DuIvWK,183803800271041,3210117052549030,37.72554593138,139.33240899097,37.725523358603,139.33244407786
5u6ffmp08ymli80jx0assa,J2QFAtzaTiCPOGx1DuIvWK,461744404912185,360787455740491,37.725310361482,139.33274359914,37.725219033169,139.33287425638
5u6ffmp08ymli80jx0assa,J2QFAtzaTiCPOGx1DuIvWK,163218302405893,360787455740491,37.72507107711,139.33308348343,37.725219033169,139.33287425638
5u6ffmp08ymli80jx0assa,J2QFAtzaTiCPOGx1DuIvWK,472520157195961,1171663683243556,37.724831073801,139.3334243889,37.724920890766,139.33329569489
5u6ffmp08ymli80jx0assa,J2QFAtzaTiCPOGx1DuIvWK,194347672411413,356116526093157,37.724586637088,139.33377159168,37.724613850846,139.33372971049
5u6ffmp08ymli80jx0assa,J2QFAtzaTiCPOGx1DuIvWK,498373144539979,150573400552176,37.724349389687,139.33410858261,37.724318573747,139.33414709876
5u6ffmp08ymli80jx0assa,J2QFAtzaTiCPOGx1DuIvWK,3002946526607747,1179260842561223,37.724113220683,139.33444444444,37.724013645096,139.33457812996
5u6ffmp08ymli80jx0assa,J2QFAtzaTiCPOGx1DuIvWK,137241428426558,1179260842561223,37.723875374168,139.33478188368,37.724013645096,139.33457812996
5u6ffmp08ymli80jx0assa,J2QFAtzaTiCPOGx1DuIvWK,939888560158769,239918631322572,37.723630577985,139.33512959705,37.723713240611,139.33500277778
5u6ffmp08ymli80jx0assa,J2QFAtzaTiCPOGx1DuIvWK,241684851046203,541070357343758,37.723391053967,139.33546982167,37.723405295854,139.33543806065
5u6ffmp08ymli80jx0assa,J2QFAtzaTiCPOGx1DuIvWK,458901488746703,628944135163042,37.723152488528,139.33580868483,37.723102780098,139.33586568112
5u6ffmp08ymli80jx0assa,J2QFAtzaTiCPOGx1DuIvWK,1148096892320479,603031134019256,37.722916666667,139.33614363339,37.7227964942,139.33629863085
5u6ffmp08ymli80jx0assa,J2QFAtzaTiCPOGx1DuIvWK,470160810709575,603031134019256,37.722672961201,139.33648981499,37.7227964942,139.33629863085
5u6ffmp08ymli80jx0assa,J2QFAtzaTiCPOGx1DuIvWK,500696947778917,584670396034523,37.72243811024,139.33682340197,37.722505741266,139.33670962401
5u6ffmp08ymli80jx0assa,J2QFAtzaTiCPOGx1DuIvWK,491275165352012,1316909532059039,37.722197747467,139.33716481803,37.722197645704,139.33714513179
5u6ffmp08ymli80jx0assa,J2QFAtzaTiCPOGx1DuIvWK,214445263543789,3177221609194632,37.721953909863,139.33751116983,37.721903424241,139.33756102787
5u6ffmp08ymli80jx0assa,J2QFAtzaTiCPOGx1DuIvWK,791030588217582,955189425047928,37.721715703886,139.33784952234,37.721601511704,139.33798779565
5u6ffmp08ymli80jx0assa,J2QFAtzaTiCPOGx1DuIvWK,296701575497182,955189425047928,37.721479774525,139.3381846411,37.721601511704,139.33798779565
5u6ffmp08ymli80jx0assa,J2QFAtzaTiCPOGx1DuIvWK,157765693020605,1886818231498355,37.721235577449,139.33853150348,37.721300051579,139.33841392392
5u6ffmp08ymli80jx0assa,J2QFAtzaTiCPOGx1DuIvWK,152627910202629,516649409406773,37.720999648092,139.33886662224,37.720999043876,139.33883941268
5u6ffmp08ymli80jx0assa,J2QFAtzaTiCPOGx1DuIvWK,291729472628756,588942992269643,37.720759764608,139.33920735751,37.72070029825,139.33926170388
5u6ffmp08ymli80jx0assa,J2QFAtzaTiCPOGx1DuIvWK,3974662655951089,1858297707680802,37.720519401832,139.33954877358,37.720394464769,139.33969401411
5u6ffmp08ymli80jx0assa,J2QFAtzaTiCPOGx1DuIvWK,498590914613017,1858297707680802,37.720272329018,139.3398997207,37.720394464769,139.33969401411
5u6ffmp08ymli80jx0assa,J2QFAtzaTiCPOGx1DuIvWK,293857275650596,962687147625317,37.720038676289,139.34023160571,37.720094060284,139.34011865018
5u6ffmp08ymli80jx0assa,J2QFAtzaTiCPOGx1DuIvWK,186712359976075,241159124408240,37.719797115301,139.34057472375,37.719794259022,139.34054243358
5u6ffmp08ymli80jx0assa,J2QFAtzaTiCPOGx1DuIvWK,525599881930831,245813770729376,37.71955423627,139.34091971396,37.719485861851,139.34097836775
5u6ffmp08ymli80jx0assa,J2QFAtzaTiCPOGx1DuIvWK,956980705069932,267083221567047,37.719318906018,139.34125398173,37.719188925891,139.34139810085
5u6ffmp08ymli80jx0assa,J2QFAtzaTiCPOGx1DuIvWK,2566643800307427,267083221567047,37.719075787342,139.34159931234,37.719188925891,139.34139810085
5u6ffmp08ymli80jx0assa,J2QFAtzaTiCPOGx1DuIvWK,196106602330490,551197676133645,37.71883973816,139.34193460129,37.718886138614,139.34182508181
5u6ffmp08ymli80jx0assa,J2QFAtzaTiCPOGx1DuIvWK,167629765177069,859830361328006,37.7185939834,139.34228367624,37.718581179873,139.34225717886
5u6ffmp08ymli80jx0assa,J2QFAtzaTiCPOGx1DuIvWK,464858867931532,370730627974882,37.718357335112,139.34261981618,37.718281981829,139.34268010958
5u6ffmp08ymli80jx0assa,J2QFAtzaTiCPOGx1DuIvWK,927646618090247,130939545874533,37.718123203077,139.34295238095,37.717981124928,139.34310538516
5u6ffmp08ymli80jx0assa,J2QFAtzaTiCPOGx1DuIvWK,473936167056206,130939545874533,37.717880324045,139.3432973722,37.717981124928,139.34310538516
5u6ffmp08ymli80jx0assa,J2QFAtzaTiCPOGx1DuIvWK,315016706697615,563304581528753,37.717638044126,139.34364151142,37.717680720446,139.34353002124
5u6ffmp08ymli80jx0assa,J2QFAtzaTiCPOGx1DuIvWK,266687525190192,871612227111460,37.717399358861,139.34398054472,37.71737699824,139.34395934708
5u6ffmp08ymli80jx0assa,J2QFAtzaTiCPOGx1DuIvWK,179297073967838,448045729514236,37.717160433949,139.34431991841,37.717075688927,139.34438526218
5u6ffmp08ymli80jx0assa,J2QFAtzaTiCPOGx1DuIvWK,915233535720064,197568652354384,37.716919711711,139.34466184507,37.716775133637,139.34481011143
5u6ffmp08ymli80jx0assa,J2QFAtzaTiCPOGx1DuIvWK,368701484579721,197568652354384,37.71668030754,139.34500275028,37.716775133637,139.34481011143
5u6ffmp08ymli80jx0assa,J2QFAtzaTiCPOGx1DuIvWK,458284665472429,516185316142475,37.716443060115,139.34533889049,37.716473975127,139.34523581336
5u6ffmp08ymli80jx0assa,J2QFAtzaTiCPOGx1DuIvWK,736770306998425,279126820684569,37.716200300908,139.3456837105,37.716169649699,139.34566599187
5u6ffmp08ymli80jx0assa,J2QFAtzaTiCPOGx1DuIvWK,2861099497446357,525853505363049,37.715961256174,139.34602325439,37.715866832325,139.34609403868
5u6ffmp08ymli80jx0assa,J2QFAtzaTiCPOGx1DuIvWK,795081511128251,1044347516334420,37.715720414119,139.34636535125,37.715570047174,139.34651355866
5u6ffmp08ymli80jx0assa,J2QFAtzaTiCPOGx1DuIvWK,532728947748670,1044347516334420,37.715482327959,139.34670353356,37.715570047174,139.34651355866
5u6ffmp08ymli80jx0assa,J2QFAtzaTiCPOGx1DuIvWK,174560171228374,219826893412979,37.715246997713,139.34703780133,37.715266174166,139.34694444444
5u6ffmp08ymli80jx0assa,J2QFAtzaTiCPOGx1DuIvWK,1646906642166149,350319960083172,37.715,139.34738925905,37.714957626182,139.34737924496
5u6ffmp08ymli80jx0assa,J2QFAtzaTiCPOGx1DuIvWK,313429793559507,964326214301473,37.714765193771,139.34772222222,37.71466491278,139.34779300933
5u6ffmp08ymli80jx0assa,J2QFAtzaTiCPOGx1DuIvWK,463059214767403,1263125600785460,37.714527826549,139.34805932629,37.71436239702,139.3482206298
5u6ffmp08ymli80jx0assa,J2QFAtzaTiCPOGx1DuIvWK,152351350177322,1263125600785460,37.714284108762,139.34840550796,37.71436239702,139.3482206298
5u6ffmp08ymli80jx0assa,J2QFAtzaTiCPOGx1DuIvWK,4227090593975955,273613797460557,37.714041229729,139.34875069793,37.714051285345,139.348660401
5u6ffmp08ymli80jx0assa,J2QFAtzaTiCPOGx1DuIvWK,843779212876570,122574736681192,37.713774553661,139.34908241191,37.713757063888,139.34907629708
5u6ffmp08ymli80jx0assa,J2QFAtzaTiCPOGx1DuIvWK,2086777004796730,258235212569736,37.713396078071,139.34937139769,37.7133473484,139.34945698972
5u6ffmp08ymli80jx0assa,J2QFAtzaTiCPOGx1DuIvWK,784560289100717,3064891887130810,37.712999529161,139.3496678974,37.712906884499,139.349760667
5u6ffmp08ymli80jx0assa,J2QFAtzaTiCPOGx1DuIvWK,915231279050111,641318743920867,37.71262027992,139.34992158756,37.712465601901,139.35003437188
5u6ffmp08ymli80jx0assa,J2QFAtzaTiCPOGx1DuIvWK,1180427009083402,388358132731693,37.712233755828,139.35018014407,37.712045676401,139.35034126712
5u6ffmp08ymli80jx0assa,J2QFAtzaTiCPOGx1DuIvWK,474431193771823,388358132731693,37.711852165725,139.35043539975,37.712045676401,139.35034126712
5u6ffmp08ymli80jx0assa,J2QFAtzaTiCPOGx1DuIvWK,862445134622541,873142329961376,37.711482011159,139.35068287593,37.711625800641,139.3506142008
5u6ffmp08ymli80jx0assa,J2QFAtzaTiCPOGx1DuIvWK,485210586234456,235873018541617,37.711111111111,139.35093097453,37.711200676512,139.35089852337
5u6ffmp08ymli80jx0assa,J2QFAtzaTiCPOGx1DuIvWK,320199262785788,871794080119815,37.710741790878,139.35118575679,37.710807894297,139.3511810861
5u6ffmp08ymli80jx0assa,J2QFAtzaTiCPOGx1DuIvWK,298112058638933,1516358812041475,37.710373763367,139.35149438306,37.710415968733,139.35148927168
5u6ffmp08ymli80jx0assa,J2QFAtzaTiCPOGx1DuIvWK,944733586321101,420954039312003,37.7100233506,139.35185690573,37.710040686817,139.35184500885
5u6ffmp08ymli80jx0assa,J2QFAtzaTiCPOGx1DuIvWK,166662048704718,955069268393693,37.709673284777,139.35221906947,37.709693922902,139.35220629585
5u6ffmp08ymli80jx0assa,J2QFAtzaTiCPOGx1DuIvWK,183702506956109,392037712276610,37.709333794102,139.35258863144,37.709360190637,139.35261411704
5u6ffmp08ymli80jx0assa,J2QFAtzaTiCPOGx1DuIvWK,2131480183658226,1082207795931844,37.708997413452,139.35305208066,37.709035149919,139.35303582282
5u6ffmp08ymli80jx0assa,J2QFAtzaTiCPOGx1DuIvWK,1209149612855239,4269228543196641,37.708666177265,139.35350844211,37.70873083873,139.35349494572
5u6ffmp08ymli80jx0assa,J2QFAtzaTiCPOGx1DuIvWK,1523412268003557,383426353431986,37.708350989624,139.35400146337,37.708446002498,139.35394766979
5u6ffmp08ymli80jx0assa,J2QFAtzaTiCPOGx1DuIvWK,288225399625869,908262529903190,37.708094848473,139.35451903821,37.708179667637,139.35442843384
5u6ffmp08ymli80jx0assa,J2QFAtzaTiCPOGx1DuIvWK,299738731650841,887615091847016,37.707851987152,139.35506199408,37.707949365502,139.354918136
5u6ffmp08ymli80jx0assa,J2QFAtzaTiCPOGx1DuIvWK,1112634362557607,578987269801529,37.707602552137,139.35561964076,37.707727342779,139.35542673108
5u6ffmp08ymli80jx0assa,J2QFAtzaTiCPOGx1DuIvWK,1243632759397457,1016309562470547,37.707509368177,139.35618617442,37.70753309568,139.35594563544
5u6ffmp08ymli80jx0assa,J2QFAtzaTiCPOGx1DuIvWK,285049733338103,1174688749702289,37.707486982512,139.35676543463,37.707385971787,139.35649404998
5u6ffmp08ymli80jx0assa,J2QFAtzaTiCPOGx1DuIvWK,499477798074438,902507607007621,37.707464664139,139.35734295358,37.707370213549,139.35706479043
5u6ffmp08ymli80jx0assa,J2QFAtzaTiCPOGx1DuIvWK,2692705060853342,2803127703318255,37.70744231212,139.35792134316,37.707354497355,139.3576340918
5u6ffmp08ymli80jx0assa,J2QFAtzaTiCPOGx1DuIvWK,301854961499925,4164912603557680,37.70741980309,139.35850379568,37.707338538131,139.35821202767
5u6ffmp08ymli80jx0assa,J2QFAtzaTiCPOGx1DuIvWK,761914597827494,550412026270845,37.70739764173,139.35907725168,37.707322549439,139.3587911148
5u6ffmp08ymli80jx0assa,J2QFAtzaTiCPOGx1DuIvWK,215988843358222,237274818279675,37.707375267275,139.35965622168,37.707290802509,139.35994094239
5u6ffmp08ymli80jx0assa,J2QFAtzaTiCPOGx1DuIvWK,894801114430746,1258114614622597,37.707352758245,139.36023867421,37.707274925069,139.36051600008
5u6ffmp08ymli80jx0assa,J2QFAtzaTiCPOGx1DuIvWK,885329692017212,254396803010896,37.707330024906,139.36082693095,37.707259063518,139.36109048215
5u6ffmp08ymli80jx0assa,J2QFAtzaTiCPOGx1DuIvWK,206785257721410,103252112066547,37.707307709751,139.36140444989,37.707243082771,139.36166941694
5u6ffmp08ymli80jx0assa,J2QFAtzaTiCPOGx1DuIvWK,472265727397083,877805593134981,37.707285085348,139.36198980453,37.707227093574,139.3622483686
5u6ffmp08ymli80jx0assa,J2QFAtzaTiCPOGx1DuIvWK,1216124788804375,561356584994890,37.707262722112,139.36256848432,37.707211375574,139.36281766997
5u6ffmp08ymli80jx0assa,J2QFAtzaTiCPOGx1DuIvWK,3975530242566742,977102823074513,37.707240414954,139.36314571305,37.707195450454,139.36339445457
5u6ffmp08ymli80jx0assa,J2QFAtzaTiCPOGx1DuIvWK,478037210199352,162176842662294,37.707218152657,139.36372178095,37.707179120053,139.36398591782
5u6ffmp08ymli80jx0assa,J2QFAtzaTiCPOGx1DuIvWK,306701544322421,1180345932478255,37.707195867929,139.36429842926,37.707163473067,139.36455262884
5u6ffmp08ymli80jx0assa,J2QFAtzaTiCPOGx1DuIvWK,5819714918046214,399962774803740,37.707172921498,139.3648922,37.707147770453,139.36512135457
5u6ffmp08ymli80jx0assa,J2QFAtzaTiCPOGx1DuIvWK,135096538646110,3004860316426791,37.707150524622,139.36547175042,37.707131893016,139.36569641227
5u6ffmp08ymli80jx0assa,J2QFAtzaTiCPOGx1DuIvWK,376655390321831,426229442073830,37.707128374477,139.36604491621,37.707115991736,139.36627233342
5u6ffmp08ymli80jx0assa,J2QFAtzaTiCPOGx1DuIvWK,487909542657104,581317453248988,37.707106078531,139.36662185474,37.707085978925,139.36686759027
5u6ffmp08ymli80jx0assa,J2QFAtzaTiCPOGx1DuIvWK,140045434807144,806466026700988,37.707009667765,139.36718668204,37.706965391682,139.36748153898
5u6ffmp08ymli80jx0assa,J2QFAtzaTiCPOGx1DuIvWK,513415976347503,806466026700988,37.706877515828,139.36773003389,37.706965391682,139.36748153898
5u6ffmp08ymli80jx0assa,J2QFAtzaTiCPOGx1DuIvWK,131817405647734,591179365389238,37.706745759159,139.36827176056,37.706829838801,139.36805230599
5u6ffmp08ymli80jx0assa,J2QFAtzaTiCPOGx1DuIvWK,294225285589881,315336016989035,37.706570963078,139.36878732273,37.706646333878,139.36857991266
5u6ffmp08ymli80jx0assa,J2QFAtzaTiCPOGx1DuIvWK,946783269458830,1204132426719108,37.706356870639,139.36926763735,37.70644818088,139.36907777778
5u6ffmp08ymli80jx0assa,J2QFAtzaTiCPOGx1DuIvWK,519948276043690,529385798370755,37.706094596506,139.36973085137,37.706210987191,139.36953925185
5u6ffmp08ymli80jx0assa,J2QFAtzaTiCPOGx1DuIvWK,1150604962032711,885283785731176,37.705811815,139.37013617315,37.705945218838,139.36996018376
5u6ffmp08ymli80jx0assa,J2QFAtzaTiCPOGx1DuIvWK,819900218941253,1686481744877148,37.705481902535,139.37051710431,37.705637107572,139.3703514073
5u6ffmp08ymli80jx0assa,J2QFAtzaTiCPOGx1DuIvWK,280540846875891,980271279423297,37.705153344398,139.37082335928,37.705313463382,139.37069244926
5u6ffmp08ymli80jx0assa,J2QFAtzaTiCPOGx1DuIvWK,873567406843323,371335771037983,37.704779882709,139.3711050453,37.704963928377,139.37099343372
5u6ffmp08ymli80jx0assa,J2QFAtzaTiCPOGx1DuIvWK,5815192691839358,159362086248959,37.704396305797,139.37133030915,37.704583333333,139.3712329402
5u6ffmp08ymli80jx0assa,J2QFAtzaTiCPOGx1DuIvWK,306577247855819,528709351670174,37.70398951456,139.37150705168,37.703791299923,139.37157201472
5u6ffmp08ymli80jx0assa,J2QFAtzaTiCPOGx1DuIvWK,230473178809396,372178147842892,37.703579369317,139.37162744108,37.703376545608,139.37166666667
5u6ffmp08ymli80jx0assa,J2QFAtzaTiCPOGx1DuIvWK,1022275401637326,389691075845661,37.703147236771,139.37170479066,37.702949876361,139.3717069332
5u6ffmp08ymli80jx0assa,J2QFAtzaTiCPOGx1DuIvWK,1171322106631264,4328379213849092,37.702702654937,139.37174393652,37.702524789758,139.37172127536
5u6ffmp08ymli80jx0assa,J2QFAtzaTiCPOGx1DuIvWK,469117277682946,161226482757072,37.702250712251,139.37175278211,37.702080078882,139.3717191136
5u6ffmp08ymli80jx0assa,J2QFAtzaTiCPOGx1DuIvWK,504737310557656,969889883581240,37.701783509342,139.37175002915,37.7016359003,139.37172117685
5u6ffmp08ymli80jx0assa,J2QFAtzaTiCPOGx1DuIvWK,303772607860413,4233261056758044,37.701317108487,139.37175408767,37.701186275703,139.37172469195
5u6ffmp08ymli80jx0assa,J2QFAtzaTiCPOGx1DuIvWK,2975221939426659,4204574532989017,37.70085423221,139.37176279883,37.700725964002,139.37172972488
5u6ffmp08ymli80jx0assa,J2QFAtzaTiCPOGx1DuIvWK,373451070703756,293072772585709,37.700390770212,139.37176826568,37.700267528282,139.37174078038
5u6ffmp08ymli80jx0assa,J2QFAtzaTiCPOGx1DuIvWK,947846845789856,927561341435634,37.699935088019,139.3717742283,37.699810612902,139.37174120551
5u6ffmp08ymli80jx0assa,J2QFAtzaTiCPOGx1DuIvWK,154908446577351,4143658305687588,37.69948963281,139.37178260701,37.6993648245,139.3717495069
5u6ffmp08ymli80jx0assa,J2QFAtzaTiCPOGx1DuIvWK,2533235363651189,117666657271878,37.699048982293,139.37178459209,37.698930498157,139.37175664192
5u6ffmp08ymli80jx0assa,J2QFAtzaTiCPOGx1DuIvWK,507509607340478,185958343598631,37.698601393965,139.37178565567,37.698491994798,139.37175177566
5u6ffmp08ymli80jx0assa,J2QFAtzaTiCPOGx1DuIvWK,884491102108934,821156508763808,37.698134744691,139.37179863936,37.698021534718,139.371763028
5u6ffmp08ymli80jx0assa,J2QFAtzaTiCPOGx1DuIvWK,517330576306716,1560878644245084,37.697712678687,139.37181499388,37.697573369232,139.3717701967
5u6ffmp08ymli80jx0assa,J2QFAtzaTiCPOGx1DuIvWK,1683876775138386,218196950239306,37.697277299692,139.37185971553,37.697150172001,139.3718203125
5u6ffmp08ymli80jx0assa,J2QFAtzaTiCPOGx1DuIvWK,463693984920735,281501927079046,37.696862595791,139.37193004982,37.696721301239,139.37190564066
5u6ffmp08ymli80jx0assa,J2QFAtzaTiCPOGx1DuIvWK,487916792428687,2799443440346447,37.696442587813,139.37203212403,37.696300755598,139.37202544139
5u6ffmp08ymli80jx0assa,J2QFAtzaTiCPOGx1DuIvWK,536331427776534,273845890778222,37.696030688199,139.37217123328,37.695865761881,139.37219001284
5u6ffmp08ymli80jx0assa,J2QFAtzaTiCPOGx1DuIvWK,553925205764955,901504630718468,37.695632107569,139.37233676323,37.695454877422,139.3723739351
5u6ffmp08ymli80jx0assa,J2QFAtzaTiCPOGx1DuIvWK,859577804768497,418680032906162,37.6952262971,139.3725381931,37.695067584481,139.37259708224
5u6ffmp08ymli80jx0assa,J2QFAtzaTiCPOGx1DuIvWK,2702808259979773,2904151613234842,37.694840094477,139.37277383933,37.694711629438,139.37286645608
5u6ffmp08ymli80jx0assa,J2QFAtzaTiCPOGx1DuIvWK,907267096783886,525864288688102,37.694457324441,139.37305228532,37.69434868032,139.3731453676
5u6ffmp08ymli80jx0assa,J2QFAtzaTiCPOGx1DuIvWK,762910744418587,1496152214053541,37.69410510962,139.37335430938,37.6939937923,139.3734479549
5u6ffmp08ymli80jx0assa,J2QFAtzaTiCPOGx1DuIvWK,305232867925083,547597746664168,37.693774829818,139.3736865516,37.693674980239,139.37378034772
5u6ffmp08ymli80jx0assa,J2QFAtzaTiCPOGx1DuIvWK,2877548552370012,129212076082060,37.69345325675,139.37405515157,37.693382243319,139.37413284439
5u6ffmp08ymli80jx0assa,J2QFAtzaTiCPOGx1DuIvWK,2852218541704618,878701416076861,37.693168235038,139.3744282044,37.693094513349,139.37449924905
5u6ffmp08ymli80jx0assa,J2QFAtzaTiCPOGx1DuIvWK,972120876881762,1450160088688774,37.692898746308,139.37483190976,37.692828472819,139.37489835211
5u6ffmp08ymli80jx0assa,J2QFAtzaTiCPOGx1DuIvWK,272052557939955,5837015786373569,37.692659322373,139.375240091,37.692584941041,139.37532288316
5u6ffmp08ymli80jx0assa,J2QFAtzaTiCPOGx1DuIvWK,1138679336630514,609636483774826,37.692443569002,139.3756704565,37.692375151831,139.37577417873
5u6ffmp08ymli80jx0assa,J2QFAtzaTiCPOGx1DuIvWK,1165393907216824,1086817622056584,37.692240600601,139.3761405756,37.692187224531,139.37624452426
5u6ffmp08ymli80jx0assa,J2QFAtzaTiCPOGx1DuIvWK,935008440669146,903227733872657,37.692053930064,139.37664089671,37.6920047189,139.37674094246
5u6ffmp08ymli80jx0assa,J2QFAtzaTiCPOGx1DuIvWK,2874756626106915,575053017195303,37.691884088409,139.37716215548,37.69184490456,139.3772441776
5u6ffmp08ymli80jx0assa,J2QFAtzaTiCPOGx1DuIvWK,374049033946806,976023149853555,37.691731909359,139.3776812402,37.691694344238,139.37777449607
5u6ffmp08ymli80jx0assa,J2QFAtzaTiCPOGx1DuIvWK,1642362505958128,1240654573118022,37.691587853999,139.378200743,37.691548879448,139.3782758468
5u6ffmp08ymli80jx0assa,J2QFAtzaTiCPOGx1DuIvWK,308611450879158,105779115095110,37.691442155362,139.37874116006,37.691424226999,139.3787738952
5u6ffmp08ymli80jx0assa,J2QFAtzaTiCPOGx1DuIvWK,190976506206293,1158656794628893,37.691300468299,139.379296878,37.691285687462,139.37931745634
5u6ffmp08ymli80jx0assa,J2QFAtzaTiCPOGx1DuIvWK,509436583514206,2612864092353189,37.691170249612,139.37985351949,37.691158401339,139.37984557477
5u6ffmp08ymli80jx0assa,J2QFAtzaTiCPOGx1DuIvWK,773784139948399,1280164365753745,37.691049241453,139.38039398761,37.69103861,139.38040378007
5u6ffmp08ymli80jx0assa,J2QFAtzaTiCPOGx1DuIvWK,759059481467795,375779607397987,37.690936990917,139.38094398396,37.690927861201,139.38093694256
5u6ffmp08ymli80jx0assa,J2QFAtzaTiCPOGx1DuIvWK,1021039218663953,2965714773677237,37.690833333333,139.38148283863,37.690821236479,139.38148388852
5u6ffmp08ymli80jx0assa,J2QFAtzaTiCPOGx1DuIvWK,301020111526509,360906818833703,37.690722222222,139.38203265904,37.690705168702,139.38206295982
5u6ffmp08ymli80jx0assa,J2QFAtzaTiCPOGx1DuIvWK,764226724292493,542273323560460,37.690613556319,139.38259046968,37.690597222222,139.38262491819
5u6ffmp08ymli80jx0assa,J2QFAtzaTiCPOGx1DuIvWK,313142566845879,140756094873400,37.690507080243,139.38313428736,37.690485254519,139.3831615124
5u6ffmp08ymli80jx0assa,J2QFAtzaTiCPOGx1DuIvWK,511194336718560,1246684332451568,37.690401896152,139.38367097,37.690383850302,139.3837017012
5u6ffmp08ymli80jx0assa,J2QFAtzaTiCPOGx1DuIvWK,153698853431483,533692904621779,37.690298802339,139.38419635141,37.690284711201,139.38424462016
5u6ffmp08ymli80jx0assa,J2QFAtzaTiCPOGx1DuIvWK,1098386133988999,1186068625140091,37.690194563361,139.38472222222,37.690181168338,139.38478836704
5u6ffmp08ymli80jx0assa,J2QFAtzaTiCPOGx1DuIvWK,2704383283186041,214699127258241,37.690090062498,139.385256114,37.690075566397,139.38531245339
5u6ffmp08ymli80jx0assa,J2QFAtzaTiCPOGx1DuIvWK,4618515411508429,133996478842766,37.689990152059,139.38576358743,37.689974881361,139.38581018519
5u6ffmp08ymli80jx0assa,J2QFAtzaTiCPOGx1DuIvWK,1109774726179913,424144938959703,37.689888670262,139.3862797619,37.68987538674,139.38630422984
5u6ffmp08ymli80jx0assa,J2QFAtzaTiCPOGx1DuIvWK,472549047305712,503052724127694,37.689790317952,139.38679162915,37.689778943302,139.3868078185
5u6ffmp08ymli80jx0assa,J2QFAtzaTiCPOGx1DuIvWK,3558720317686746,523451272070736,37.689687972498,139.38730972388,37.68968182464,139.38729397112
5u6ffmp08ymli80jx0assa,J2QFAtzaTiCPOGx1DuIvWK,2961623390787175,100130165716339,37.689573345867,139.38782735491,37.689579778977,139.3877883667
5u6ffmp08ymli80jx0assa,J2QFAtzaTiCPOGx1DuIvWK,754442495432060,1250543092042463,37.689458984446,139.38832093392,37.689451113504,139.38833333333
5u6ffmp08ymli80jx0assa,J2QFAtzaTiCPOGx1DuIvWK,473836117257219,930031601189931,37.689340152107,139.38883380924,37.689325578416,139.38886577204
5u6ffmp08ymli80jx0assa,J2QFAtzaTiCPOGx1DuIvWK,516387496194975,350563820076619,37.689219907894,139.3893527782,37.689193463133,139.38942573038
5u6ffmp08ymli80jx0assa,J2QFAtzaTiCPOGx1DuIvWK,814811059415878,567385194386073,37.689105428821,139.38984686494,37.689068375254,139.3899559037
5u6ffmp08ymli80jx0assa,J2QFAtzaTiCPOGx1DuIvWK,110016851156638,544722006869907,37.688987361244,139.39035643957,37.688941690232,139.39049284635
5u6ffmp08ymli80jx0assa,J2QFAtzaTiCPOGx1DuIvWK,805781473647075,2745495695741579,37.688867999458,139.39087159998,37.688812769216,139.39103926604
5u6ffmp08ymli80jx0assa,J2QFAtzaTiCPOGx1DuIvWK,304430027804697,236564451665929,37.688748990633,139.39138523699,37.688687489679,139.39157025169
5u6ffmp08ymli80jx0assa,J2QFAtzaTiCPOGx1DuIvWK,549872692662065,350214603407251,37.688634923354,139.39187754651,37.688555885475,139.39212804385
5u6ffmp08ymli80jx0assa,J2QFAtzaTiCPOGx1DuIvWK,785796632139504,350214603407251,37.688516561639,139.39238839065,37.688555885475,139.39212804385
5u6ffmp08ymli80jx0assa,J2QFAtzaTiCPOGx1DuIvWK,1129496400882143,606816890726629,37.688398082268,139.39289974257,37.688429072682,139.39266552804
5u6ffmp08ymli80jx0assa,J2QFAtzaTiCPOGx1DuIvWK,372608767459421,1942579209236121,37.688281897173,139.39340119245,37.688302387664,139.39320247068
5u6ffmp08ymli80jx0assa,J2QFAtzaTiCPOGx1DuIvWK,224600165671935,419560022826756,37.688159064544,139.39393133287,37.688174105504,139.39374618265
5u6ffmp08ymli80jx0assa,J2QFAtzaTiCPOGx1DuIvWK,829686564295294,860060171588195,37.688044114848,139.39442745088,37.688048442647,139.39427879293
5u6ffmp08ymli80jx0assa,J2QFAtzaTiCPOGx1DuIvWK,3521418674631223,316861860128952,37.687929106323,139.39492382278,37.687918180043,139.39483089886
5u6ffmp08ymli80jx0assa,J2QFAtzaTiCPOGx1DuIvWK,524182002275688,158524056402785,37.687811274054,139.39543238182,37.687791175591,139.39536919537
5u6ffmp08ymli80jx0assa,J2QFAtzaTiCPOGx1DuIvWK,157970039532467,361204542140962,37.687693853588,139.39593916357,37.687660976866,139.39592103052
5u6ffmp08ymli80jx0assa,J2QFAtzaTiCPOGx1DuIvWK,217683083151397,1210377226096023,37.687536900777,139.39661656523,37.687534547393,139.39645689008
5u6ffmp08ymli80jx0assa,J2QFAtzaTiCPOGx1DuIvWK,296963415344492,602781764426276,37.687457541947,139.39695907454,37.687406456885,139.39699978973
5u6ffmp08ymli80jx0assa,J2QFAtzaTiCPOGx1DuIvWK,993404478074336,1167362997081884,37.687340650931,139.3974635712,37.687278174728,139.39754350169
5u6ffmp08ymli80jx0assa,J2QFAtzaTiCPOGx1DuIvWK,470374434030024,274198724056956,37.687222222222,139.3979797472,37.687151681368,139.39807963203
5u6ffmp08ymli80jx0assa,J2QFAtzaTiCPOGx1DuIvWK,4141644219230790,284324910161040,37.687101868525,139.39849414389,37.687023974182,139.39862090703
5u6ffmp08ymli80jx0assa,J2QFAtzaTiCPOGx1DuIvWK,471162553955040,577390813672779,37.686988566006,139.39898315475,37.686895436477,139.39916666667
5u6ffmp08ymli80jx0assa,J2QFAtzaTiCPOGx1DuIvWK,504321820699408,518565579215006,37.686868615935,139.39950085414,37.686767920945,139.39970616479
5u6ffmp08ymli80jx0assa,J2QFAtzaTiCPOGx1DuIvWK,4207767249274405,984121775708131,37.686752254372,139.40000306571,37.686640660951,139.40024554439
5u6ffmp08ymli80jx0assa,J2QFAtzaTiCPOGx1DuIvWK,137333234996621,984121775708131,37.686633597884,139.40051517933,37.686640660951,139.40024554439
5u6ffmp08ymli80jx0assa,J2QFAtzaTiCPOGx1DuIvWK,801606940558924,230054222221980,37.686514766173,139.40102805467,37.686512698222,139.4007879025
5u6ffmp08ymli80jx0assa,J2QFAtzaTiCPOGx1DuIvWK,479385503280175,1196624144152204,37.686399639992,139.40152493435,37.686383841096,139.40133405142
5u6ffmp08ymli80jx0assa,J2QFAtzaTiCPOGx1DuIvWK,4046764082036878,3110998405802762,37.686277630947,139.4020515202,37.686257411618,139.40186991097
5u6ffmp08ymli80jx0assa,J2QFAtzaTiCPOGx1DuIvWK,1165680773879004,4162468620496402,37.68616409312,139.40254154463,37.686129512756,139.4024119983
5u6ffmp08ymli80jx0assa,J2QFAtzaTiCPOGx1DuIvWK,1881121365379300,861395924750988,37.6860446725,139.40305830583,37.686002061127,139.40295219023
5u6ffmp08ymli80jx0assa,J2QFAtzaTiCPOGx1DuIvWK,1543729465831409,2979751452245423,37.68592748734,139.40356272509,37.685874737251,139.4034918406
5u6ffmp08ymli80jx0assa,J2QFAtzaTiCPOGx1DuIvWK,146029304162794,4751404044889523,37.685811537573,139.40406315938,37.685745752347,139.40403853107
5u6ffmp08ymli80jx0assa,J2QFAtzaTiCPOGx1DuIvWK,198638318756224,169444775285735,37.685691059001,139.40458333333,37.685617214648,139.40458333333
5u6ffmp08ymli80jx0assa,J2QFAtzaTiCPOGx1DuIvWK,3945365038873234,421470975974164,37.685574461173,139.40508637102,37.685490593516,139.405119998
5u6ffmp08ymli80jx0assa,J2QFAtzaTiCPOGx1DuIvWK,942689179823595,1373230306407595,37.68545839374,139.4055873131,37.685361480842,139.40566723002
5u6ffmp08ymli80jx0assa,J2QFAtzaTiCPOGx1DuIvWK,300330631801679,1178080919338325,37.685338855472,139.40610323521,37.685235434676,139.40620146494
5u6ffmp08ymli80jx0assa,J2QFAtzaTiCPOGx1DuIvWK,831297634489034,498044997895373,37.685222107438,139.40660697017,37.685106513665,139.40674788464
5u6ffmp08ymli80jx0assa,J2QFAtzaTiCPOGx1DuIvWK,2102111736598772,170261238535511,37.685104426327,139.40711502141,37.684977400993,139.40729511665
5u6ffmp08ymli80jx0assa,J2QFAtzaTiCPOGx1DuIvWK,146351107465839,1072224633518436,37.684987299994,139.40762053367,37.684850843743,139.40783151775
5u6ffmp08ymli80jx0assa,J2QFAtzaTiCPOGx1DuIvWK,616763163053978,174780424722418,37.684868232341,139.40813442458,37.684722222222,139.40837550049
5u6ffmp08ymli80jx0assa,J2QFAtzaTiCPOGx1DuIvWK,929311454573033,174780424722418,37.684749576488,139.4086465382,37.684722222222,139.40837550049
5u6ffmp08ymli80jx0assa,J2QFAtzaTiCPOGx1DuIvWK,1184272908661689,1006560970275733,37.684634450309,139.4091434179,37.684596004339,139.40891163081
5u6ffmp08ymli80jx0assa,J2QFAtzaTiCPOGx1DuIvWK,198254325475222,535195004221522,37.684515970932,139.40965476982,37.684465613954,139.40946428571
5u6ffmp08ymli80jx0assa,J2QFAtzaTiCPOGx1DuIvWK,318066436331621,1168033330373345,37.684395903208,139.41017297702,37.684341867668,139.40998876538
5u6ffmp08ymli80jx0assa,J2QFAtzaTiCPOGx1DuIvWK,470786410857755,165651202333548,37.684280012268,139.4106731574,37.684212881884,139.41053545585
5u6ffmp08ymli80jx0assa,J2QFAtzaTiCPOGx1DuIvWK,288829232922505,1408420416219464,37.684162474141,139.41118037704,37.684086453289,139.41107131541
5u6ffmp08ymli80jx0assa,J2QFAtzaTiCPOGx1DuIvWK,591492298494445,1321929611560204,37.684044583045,139.41168925988,37.683954274117,139.41163154452
5u6ffmp08ymli80jx0assa,J2QFAtzaTiCPOGx1DuIvWK,1442367446116616,635498437840926,37.683928339137,139.41219096366,37.683828611265,139.41216415481
5u6ffmp08ymli80jx0assa,J2QFAtzaTiCPOGx1DuIvWK,301376871446491,186866770174107,37.683810859837,139.41269799931,37.683703140069,139.41269595276
5u6ffmp08ymli80jx0assa,J2QFAtzaTiCPOGx1DuIvWK,2892510917670202,4607557445956374,37.683693027575,139.41320655835,37.683573899628,139.4132437276
5u6ffmp08ymli80jx0assa,J2QFAtzaTiCPOGx1DuIvWK,939178743512205,531753394824676,37.683575254134,139.41371486349,37.683445745239,139.41378689675
5u6ffmp08ymli80jx0assa,J2QFAtzaTiCPOGx1DuIvWK,153510053406157,251318016661782,37.683454715786,139.41423510186,37.683318740791,139.41432519326
5u6ffmp08ymli80jx0assa,J2QFAtzaTiCPOGx1DuIvWK,455731745727425,389256359386787,37.683339060153,139.41473426665,37.683190330862,139.41486944677
5u6ffmp08ymli80jx0assa,J2QFAtzaTiCPOGx1DuIvWK,514413129747959,818688812153652,37.683221698511,139.41524079451,37.683062432017,139.41541153411
5u6ffmp08ymli80jx0assa,J2QFAtzaTiCPOGx1DuIvWK,166293585410751,523751365364195,37.683104748668,139.41574554507,37.6829348526,139.41595226757
5u6ffmp08ymli80jx0assa,J2QFAtzaTiCPOGx1DuIvWK,228560052371977,523751365364195,37.682984680944,139.41626375225,37.6829348526,139.41595226757
5u6ffmp08ymli80jx0assa,J2QFAtzaTiCPOGx1DuIvWK,981154422657494,354563062996447,37.682867436957,139.41676977231,37.682807081526,139.41649381336
5u6ffmp08ymli80jx0assa,J2QFAtzaTiCPOGx1DuIvWK,807521993098748,130569379283843,37.682750075314,139.41727630016,37.682678416054,139.41703914996
5u6ffmp08ymli80jx0assa,J2QFAtzaTiCPOGx1DuIvWK,814917805811905,3015840788688618,37.682633831404,139.41777777778,37.68255192269,139.41757528029
5u6ffmp08ymli80jx0assa,J2QFAtzaTiCPOGx1DuIvWK,149622477175432,243150957535832,37.682514940239,139.41829113315,37.682424087729,139.41811709684
5u6ffmp08ymli80jx0assa,J2QFAtzaTiCPOGx1DuIvWK,291015835907245,3058125837755104,37.682398989899,139.41879156743,37.68229593334,139.41866026727
5u6ffmp08ymli80jx0assa,J2QFAtzaTiCPOGx1DuIvWK,4142302729142828,1476349792722711,37.682280981717,139.41930088817,37.682167715068,139.4192037037
5u6ffmp08ymli80jx0assa,J2QFAtzaTiCPOGx1DuIvWK,969094713916544,195011476001911,37.682159972743,139.41982315774,37.682040774507,139.4197417342
5u6ffmp08ymli80jx0assa,J2QFAtzaTiCPOGx1DuIvWK,269985841530528,365028091832021,37.681969958749,139.42028905868,37.681912364575,139.42028598771
5u6ffmp08ymli80jx0assa,J2QFAtzaTiCPOGx1DuIvWK,4711264762251215,2890328081297189,37.68171845028,139.4207530657,37.681694300541,139.42074890995
5u6ffmp08ymli80jx0assa,J2QFAtzaTiCPOGx1DuIvWK,532030071517354,373139134166217,37.681458989822,139.42118816116,37.681453162322,139.42116693344
5u6ffmp08ymli80jx0assa,J2QFAtzaTiCPOGx1DuIvWK,493026758803443,360190695646402,37.681197449275,139.42163068202,37.681197216647,139.42158387728
5u6ffmp08ymli80jx0assa,J2QFAtzaTiCPOGx1DuIvWK,376853683625862,361216892157308,37.680941090791,139.42207248304,37.680954423747,139.42201694515
5u6ffmp08ymli80jx0assa,J2QFAtzaTiCPOGx1DuIvWK,154160083320876,3025205561133678,37.680450382598,139.4229717664,37.680460258448,139.4228688218
5u6ffmp08ymli80jx0assa,J2QFAtzaTiCPOGx1DuIvWK,744538766226312,933127610566114,37.680232902789,139.42342742106,37.680244673599,139.4233069372
5u6ffmp08ymli80jx0assa,J2QFAtzaTiCPOGx1DuIvWK,1415164658838564,245924767243265,37.680040051756,139.42387753208,37.680043640552,139.42378557439
5u6ffmp08ymli80jx0assa,J2QFAtzaTiCPOGx1DuIvWK,2886218738258324,2922893674635585,37.679869802951,139.42433227513,37.679866191878,139.42425170195
5u6ffmp08ymli80jx0assa,J2QFAtzaTiCPOGx1DuIvWK,1780924185418655,168510102050222,37.679714018978,139.42479148815,37.67970940636,139.4247376092
5u6ffmp08ymli80jx0assa,J2QFAtzaTiCPOGx1DuIvWK,802642400369424,704320460414861,37.679584769149,139.4252750275,37.679567289851,139.425237082
5u6ffmp08ymli80jx0assa,J2QFAtzaTiCPOGx1DuIvWK,312192670293087,182254067305523,37.679468875813,139.42576527538,37.679447194719,139.42573694719
5u6ffmp08ymli80jx0assa,J2QFAtzaTiCPOGx1DuIvWK,321693269370554,534613111193152,37.679352808642,139.4262554729,37.679341304798,139.4262427495
5u6ffmp08ymli80jx0assa,J2QFAtzaTiCPOGx1DuIvWK,824846415049555,917866459138675,37.679271987794,139.42676857675,37.679251719978,139.42675206954
5u6ffmp08ymli80jx0assa,J2QFAtzaTiCPOGx1DuIvWK,1657038581350955,228196822644366,37.679207728445,139.42730027507,37.679190845239,139.42724255476
5u6ffmp08ymli80jx0assa,J2QFAtzaTiCPOGx1DuIvWK,1931752227002671,142911761320923,37.679143565105,139.42783117902,37.679144193038,139.42775431316
5u6ffmp08ymli80jx0assa,J2QFAtzaTiCPOGx1DuIvWK,769161497130979,818361118827264,37.679111453844,139.42837034764,37.679114295478,139.4282703732
5u6ffmp08ymli80jx0assa,J2QFAtzaTiCPOGx1DuIvWK,1106020239864767,122374980033895,37.679095478607,139.42890237676,37.679108087117,139.42877498168
5u6ffmp08ymli80jx0assa,J2QFAtzaTiCPOGx1DuIvWK,149744870500766,620863255561222,37.6791,139.42944444444,37.679113895022,139.42926933132
5u6ffmp08ymli80jx0assa,J2QFAtzaTiCPOGx1DuIvWK,865312894021200,240170834645161,37.679142564226,139.42999386798,37.679135279347,139.42979359672
5u6ffmp08ymli80jx0assa,J2QFAtzaTiCPOGx1DuIvWK,186139093361537,589316485398123,37.679199449062,139.43054321564,37.679189880008,139.43034103873
5u6ffmp08ymli80jx0assa,J2QFAtzaTiCPOGx1DuIvWK,765936964121530,245509914095170,37.679256050746,139.43108982887,37.679258068,139.4309083948
5u6ffmp08ymli80jx0assa,J2QFAtzaTiCPOGx1DuIvWK,553339882737773,381828243514117,37.679341086908,139.43163422732,37.67937008013,139.43148388998
5u6ffmp08ymli80jx0assa,J2QFAtzaTiCPOGx1DuIvWK,312055753649272,235958768397823,37.679438453749,139.43216533294,37.679472707679,139.43205702816
5u6ffmp08ymli80jx0assa,J2QFAtzaTiCPOGx1DuIvWK,134116832044740,253255433281565,37.679537845617,139.43270748081,37.679592061981,139.43260768402
5u6ffmp08ymli80jx0assa,J2QFAtzaTiCPOGx1DuIvWK,1685668221625818,229398702522077,37.679641821243,139.43325796634,37.679702077608,139.43316947406
5u6ffmp08ymli80jx0assa,J2QFAtzaTiCPOGx1DuIvWK,763773097645949,1159728737883379,37.679722222222,139.43377554704,37.679793643701,139.4337289471
5u6ffmp08ymli80jx0assa,J2QFAtzaTiCPOGx1DuIvWK,1044654372730996,584274535901345,37.679792598628,139.43430625349,37.679867758849,139.4342898828
5u6ffmp08ymli80jx0assa,J2QFAtzaTiCPOGx1DuIvWK,302043754889141,159655659613485,37.679863700784,139.43483452734,37.679924295441,139.43482214544
5u6ffmp08ymli80jx0assa,J2QFAtzaTiCPOGx1DuIvWK,480168399937387,580964849939217,37.679894482622,139.4353635226,37.67994540976,139.43537073192
5u6ffmp08ymli80jx0assa,J2QFAtzaTiCPOGx1DuIvWK,837165830478359,3121067731460796,37.679904121864,139.4358971878,37.679956417151,139.43592170895
5u6ffmp08ymli80jx0assa,J2QFAtzaTiCPOGx1DuIvWK,1354588988274848,2373901949420967,37.679913775528,139.4364316519,37.679945951722,139.43646917047
5u6ffmp08ymli80jx0assa,J2QFAtzaTiCPOGx1DuIvWK,610497213239440,885077299087061,37.679884848968,139.43695991401,37.679910653209,139.43699458566
