9ax8up9b5cptf92ueyowam,8jhok49ioq2z1qey83axiz,926095018186699,136601018484477,48.809879,2.317065,48.809685,2.317231
9ax8up9b5cptf92ueyowam,8jhok49ioq2z1qey83axiz,290297319371071,136601018484477,48.809872,2.317095,48.809685,2.317231
9ax8up9b5cptf92ueyowam,8jhok49ioq2z1qey83axiz,2322647501213276,136601018484477,48.809800599965,2.3171928,48.809685,2.317231
9ax8up9b5cptf92ueyowam,8jhok49ioq2z1qey83axiz,296262775475973,1211007052686110,48.809798999921,2.317201,48.80975,2.317359
9ax8up9b5cptf92ueyowam,8jhok49ioq2z1qey83axiz,480029213205015,1211007052686110,48.809788,2.317318,48.80975,2.317359
9ax8up9b5cptf92ueyowam,8jhok49ioq2z1qey83axiz,184567086845534,2967248766881380,48.809784,2.317488,48.809795,2.317552
9ax8up9b5cptf92ueyowam,8jhok49ioq2z1qey83axiz,1165473603896816,851981655531251,48.809806999916,2.317718,48.809837,2.317773
9ax8up9b5cptf92ueyowam,8jhok49ioq2z1qey83axiz,185918623379574,1162944230796703,48.809853,2.317974,48.809879,2.318012
9ax8up9b5cptf92ueyowam,8jhok49ioq2z1qey83axiz,870181850233294,545837183068231,48.809906,2.318426,48.809902,2.3183
9ax8up9b5cptf92ueyowam,8jhok49ioq2z1qey83axiz,974364479974130,301675668257202,48.809925,2.318597,48.809929,2.318589
9ax8up9b5cptf92ueyowam,8jhok49ioq2z1qey83axiz,1097703920727681,690550795002635,48.809956,2.318959,48.809952,2.318882
9ax8up9b5cptf92ueyowam,8jhok49ioq2z1qey83axiz,209427564031845,805361933752273,48.809952,2.319349,48.809948,2.319448
9ax8up9b5cptf92ueyowam,8jhok49ioq2z1qey83axiz,249639033609191,459457552007677,48.809921,2.319735,48.809921,2.319736
9ax8up9b5cptf92ueyowam,8jhok49ioq2z1qey83axiz,823883541560385,737220253641577,48.809887,2.320116,48.809891,2.320031
9ax8up9b5cptf92ueyowam,8jhok49ioq2z1qey83axiz,164089328887718,306329757553100,48.809845,2.320492,48.809834,2.320618
9ax8up9b5cptf92ueyowam,8jhok49ioq2z1qey83axiz,295427488747640,218650169691629,48.809811,2.320881,48.809803,2.320882
9ax8up9b5cptf92ueyowam,8jhok49ioq2z1qey83axiz,2888215914732531,831925174340058,48.809772,2.321256,48.809772,2.321156
9ax8up9b5cptf92ueyowam,8jhok49ioq2z1qey83axiz,476914996882521,130341545755548,48.809738,2.321635,48.809723,2.321639
9ax8up9b5cptf92ueyowam,8jhok49ioq2z1qey83axiz,467694534442243,130735769048657,48.809708,2.322008,48.809704,2.321936
9ax8up9b5cptf92ueyowam,8jhok49ioq2z1qey83axiz,578974689749309,294404665495775,48.809689,2.322377,48.809677,2.322429
9ax8up9b5cptf92ueyowam,8jhok49ioq2z1qey83axiz,160152209446986,778394546200957,48.809677,2.322734,48.809673,2.322625
9ax8up9b5cptf92ueyowam,8jhok49ioq2z1qey83axiz,871713406892486,1126319677847107,48.809666,2.323088,48.809654,2.323095
9ax8up9b5cptf92ueyowam,8jhok49ioq2z1qey83axiz,178494264028344,463985468233343,48.809654,2.323419,48.809647,2.323364
9ax8up9b5cptf92ueyowam,8jhok49ioq2z1qey83axiz,325435575643406,277231524052019,48.809639,2.323743,48.809639,2.323634
9ax8up9b5cptf92ueyowam,8jhok49ioq2z1qey83axiz,1387395414952860,273822877732830,48.809631,2.324042,48.809628,2.3239209999309
9ax8up9b5cptf92ueyowam,8jhok49ioq2z1qey83axiz,475803567207956,992467028209197,48.80962,2.324327,48.809612,2.324457
9ax8up9b5cptf92ueyowam,8jhok49ioq2z1qey83axiz,506349017189093,992467028209197,48.809612,2.324579,48.809612,2.324457
9ax8up9b5cptf92ueyowam,8jhok49ioq2z1qey83axiz,375677670338559,290500992712073,48.809608,2.324817,48.809605,2.324727
9ax8up9b5cptf92ueyowam,8jhok49ioq2z1qey83axiz,514489963043915,134161952034400,48.809597,2.325024,48.809593,2.325012
9ax8up9b5cptf92ueyowam,8jhok49ioq2z1qey83axiz,1429703850702525,134161952034400,48.809586,2.325131,48.809593,2.325012
9ax8up9b5cptf92ueyowam,8jhok49ioq2z1qey83axiz,1084835132011722,2029091170574266,48.809578,2.32517,48.80957,2.325274
9ax8up9b5cptf92ueyowam,8jhok49ioq2z1qey83axiz,474501610431056,2029091170574266,48.809563,2.325247,48.80957,2.325274
9ax8up9b5cptf92ueyowam,8jhok49ioq2z1qey83axiz,1398342743852688,2029091170574266,48.809555,2.325393,48.80957,2.325274
9ax8up9b5cptf92ueyowam,8jhok49ioq2z1qey83axiz,1184206545332548,476206366813251,48.809532,2.3256,48.809532,2.325528
9ax8up9b5cptf92ueyowam,8jhok49ioq2z1qey83axiz,1673316183055818,801691613815294,48.809494,2.325841,48.809486,2.325835
9ax8up9b5cptf92ueyowam,8jhok49ioq2z1qey83axiz,214418863448842,779882286221838,48.809452,2.326094,48.809433,2.32612
9ax8up9b5cptf92ueyowam,8jhok49ioq2z1qey83axiz,4024218784293699,290517505906496,48.809425,2.326338,48.809406,2.326307
9ax8up9b5cptf92ueyowam,8jhok49ioq2z1qey83axiz,363803981734849,511514436875625,48.809437,2.326582,48.8094175,2.3265109999206
9ax8up9b5cptf92ueyowam,8jhok49ioq2z1qey83axiz,464214851321683,459296145299740,48.809505,2.326786,48.809471,2.326705
9ax8up9b5cptf92ueyowam,8jhok49ioq2z1qey83axiz,797194500912036,1146910582454863,48.809601,2.326921,48.809582,2.326822
9ax8up9b5cptf92ueyowam,8jhok49ioq2z1qey83axiz,503996577450138,128434739320547,48.809708,2.327035,48.80973559998,2.3270103999388
9ax8up9b5cptf92ueyowam,8jhok49ioq2z1qey83axiz,905729056914208,129619502494050,48.809788,2.32711,48.80978,2.327078
9ax8up9b5cptf92ueyowam,8jhok49ioq2z1qey83axiz,160264389293759,493927375288799,48.809798999921,2.327136,48.80983,2.32713
9ax8up9b5cptf92ueyowam,8jhok49ioq2z1qey83axiz,306443431145650,233156371916733,48.809792749985,2.3271775,48.8098375,2.327159
9ax8up9b5cptf92ueyowam,8jhok49ioq2z1qey83axiz,270178171480858,233156371916733,48.809802250058,2.3271864999628,48.8098375,2.327159
9ax8up9b5cptf92ueyowam,8jhok49ioq2z1qey83axiz,368246214565425,765992074120321,48.809837,2.327213,48.809847,2.3271670000834
9ax8up9b5cptf92ueyowam,8jhok49ioq2z1qey83axiz,288896359527303,171951221385820,48.809883,2.327439,48.809895,2.327514
9ax8up9b5cptf92ueyowam,8jhok49ioq2z1qey83axiz,3219594248267587,2133242946817884,48.809834,2.32761,48.809849,2.3277190000708
9ax8up9b5cptf92ueyowam,8jhok49ioq2z1qey83axiz,907828036442515,511882370186486,48.809767330017,2.327829,48.80978,2.3279529998903
9ax8up9b5cptf92ueyowam,8jhok49ioq2z1qey83axiz,289481276241612,852886155306023,48.809696,2.3280710000895,48.809704,2.328217
9ax8up9b5cptf92ueyowam,8jhok49ioq2z1qey83axiz,826936751242928,852886155306023,48.80962,2.328316,48.809704,2.328217
9ax8up9b5cptf92ueyowam,8jhok49ioq2z1qey83axiz,1094266234427974,301464671588669,48.809528,2.328606,48.809550999923,2.328746
9ax8up9b5cptf92ueyowam,8jhok49ioq2z1qey83axiz,168819075055121,170439324882994,48.809425,2.328887,48.809471,2.329009
9ax8up9b5cptf92ueyowam,8jhok49ioq2z1qey83axiz,197535932212090,768848563822677,48.809353,2.329106,48.809391,2.329188
9ax8up9b5cptf92ueyowam,8jhok49ioq2z1qey83axiz,580554956671504,1175839592854137,48.809307,2.329226,48.809326,2.329325
9ax8up9b5cptf92ueyowam,8jhok49ioq2z1qey83axiz,381826516382199,1175839592854137,48.809265,2.329346,48.809326,2.329325
9ax8up9b5cptf92ueyowam,8jhok49ioq2z1qey83axiz,928663797920042,813712416213412,48.809231,2.329495,48.80928,2.329469
9ax8up9b5cptf92ueyowam,8jhok49ioq2z1qey83axiz,2873073509599475,477626240118547,48.809181000073,2.329664,48.809235,2.329619
9ax8up9b5cptf92ueyowam,8jhok49ioq2z1qey83axiz,532300021107124,2348317525298980,48.809128,2.32983,48.809181000073,2.3297769998703
9ax8up9b5cptf92ueyowam,8jhok49ioq2z1qey83axiz,927442764688769,961517357950318,48.809067,2.330005,48.809105,2.32998
9ax8up9b5cptf92ueyowam,8jhok49ioq2z1qey83axiz,492246945162537,495397911506989,48.809006,2.330179,48.809017,2.33021
9ax8up9b5cptf92ueyowam,8jhok49ioq2z1qey83axiz,607309120229389,495397911506989,48.808964,2.330312,48.809017,2.33021
9ax8up9b5cptf92ueyowam,8jhok49ioq2z1qey83axiz,290984069197683,548398689475278,48.808933,2.330404,48.808929,2.330447
9ax8up9b5cptf92ueyowam,8jhok49ioq2z1qey83axiz,2974438636124070,548398689475278,48.80891,2.330456,48.808929,2.330447
9ax8up9b5cptf92ueyowam,8jhok49ioq2z1qey83axiz,466956741227048,548398689475278,48.808901,2.3304805000483,48.808929,2.330447
9ax8up9b5cptf92ueyowam,8jhok49ioq2z1qey83axiz,286582806427067,548398689475278,48.808876,2.3305189999097,48.808929,2.330447
9ax8up9b5cptf92ueyowam,8jhok49ioq2z1qey83axiz,316721919799539,548398689475278,48.808872,2.330531,48.808929,2.330447
9ax8up9b5cptf92ueyowam,8jhok49ioq2z1qey83axiz,3920643381351931,470610900845063,48.808834,2.330616,48.808834,2.3306709998707
9ax8up9b5cptf92ueyowam,8jhok49ioq2z1qey83axiz,487789309089844,470610900845063,48.808769,2.3307229999028,48.808834,2.3306709998707
9ax8up9b5cptf92ueyowam,8jhok49ioq2z1qey83axiz,820998285508234,519311419095193,48.808697,2.33086,48.808726999921,2.330874
9ax8up9b5cptf92ueyowam,8jhok49ioq2z1qey83axiz,497950134888371,216567289903546,48.80864,2.33103,48.808659,2.331094
9ax8up9b5cptf92ueyowam,8jhok49ioq2z1qey83axiz,448819029746127,619138402820210,48.808605,2.3312110001233,48.80862,2.331272
9ax8up9b5cptf92ueyowam,8jhok49ioq2z1qey83axiz,1745272112319433,528052581688170,48.808556,2.331374,48.808578,2.331389
9ax8up9b5cptf92ueyowam,8jhok49ioq2z1qey83axiz,142947051135397,1158064911330538,48.808533,2.331448,48.808552,2.3315
9ax8up9b5cptf92ueyowam,8jhok49ioq2z1qey83axiz,480885036464603,1158064911330538,48.808531,2.3314545000713,48.808552,2.3315
9ax8up9b5cptf92ueyowam,8jhok49ioq2z1qey83axiz,1370506783334051,1158064911330538,48.808517,2.3314957500153,48.808552,2.3315
9ax8up9b5cptf92ueyowam,8jhok49ioq2z1qey83axiz,849034359301069,1158064911330538,48.808517,2.3314985800497,48.808552,2.3315
9ax8up9b5cptf92ueyowam,8jhok49ioq2z1qey83axiz,829305924654944,1158064911330538,48.808521,2.331524,48.808552,2.3315
9ax8up9b5cptf92ueyowam,8jhok49ioq2z1qey83axiz,920104092155868,5752880214752934,48.808552,2.331608,48.808578,2.33159
9ax8up9b5cptf92ueyowam,8jhok49ioq2z1qey83axiz,950007649134885,293946122370845,48.80867,2.331764,48.808650999928,2.33168
9ax8up9b5cptf92ueyowam,8jhok49ioq2z1qey83axiz,464867281411240,608521437216068,48.80872,2.331824,48.808731,2.33177
9ax8up9b5cptf92ueyowam,8jhok49ioq2z1qey83axiz,921261088698421,962359031167894,48.808815,2.331934,48.808811,2.331859000134
9ax8up9b5cptf92ueyowam,8jhok49ioq2z1qey83axiz,293309955549171,486190186163942,48.808887,2.331997,48.808933,2.331977
9ax8up9b5cptf92ueyowam,8jhok49ioq2z1qey83axiz,304819647827085,486190186163942,48.808929,2.332054,48.808933,2.331977
9ax8up9b5cptf92ueyowam,8jhok49ioq2z1qey83axiz,492307121815931,805747646740214,48.808979,2.332129,48.809013,2.332065
9ax8up9b5cptf92ueyowam,8jhok49ioq2z1qey83axiz,488722835586807,889476211599520,48.809071,2.332257,48.809128,2.332198
9ax8up9b5cptf92ueyowam,8jhok49ioq2z1qey83axiz,982166609219512,455913998812240,48.809181000073,2.332386,48.809254,2.332333
9ax8up9b5cptf92ueyowam,8jhok49ioq2z1qey83axiz,3713224378807004,295912865503269,48.809311000085,2.332543,48.809376,2.332498
9ax8up9b5cptf92ueyowam,8jhok49ioq2z1qey83axiz,183140373671848,518845715794323,48.809437,2.332686,48.809505,2.332656
9ax8up9b5cptf92ueyowam,8jhok49ioq2z1qey83axiz,1373628916346926,769978183882100,48.809547,2.332815,48.809597,2.332785
9ax8up9b5cptf92ueyowam,8jhok49ioq2z1qey83axiz,314505436699628,150753113676255,48.809608,2.332905,48.809639,2.332852
9ax8up9b5cptf92ueyowam,8jhok49ioq2z1qey83axiz,4036736279721289,974162269990928,48.809643,2.332947,48.809680999924,2.332908
9ax8up9b5cptf92ueyowam,8jhok49ioq2z1qey83axiz,1164057997349437,974162269990928,48.809689,2.3329970001154,48.809680999924,2.332908
9ax8up9b5cptf92ueyowam,8jhok49ioq2z1qey83axiz,391589211940502,768224893880413,48.809772,2.333086,48.809772,2.333005
9ax8up9b5cptf92ueyowam,8jhok49ioq2z1qey83axiz,1497075787153173,193605589263416,48.809872,2.3331729998397,48.809868,2.333112
9ax8up9b5cptf92ueyowam,8jhok49ioq2z1qey83axiz,2854522941480329,265292361971838,48.809952,2.333272,48.809948,2.333226
9ax8up9b5cptf92ueyowam,8jhok49ioq2z1qey83axiz,754807281783754,295903768653615,48.810043,2.333388,48.810055,2.333368
9ax8up9b5cptf92ueyowam,8jhok49ioq2z1qey83axiz,995687117845663,2244563649013899,48.810169000069,2.333517,48.810184,2.333522
9ax8up9b5cptf92ueyowam,8jhok49ioq2z1qey83axiz,1108463329648611,791760718392250,48.810295,2.33367,48.810329,2.333697
9ax8up9b5cptf92ueyowam,8jhok49ioq2z1qey83axiz,463060721450757,470281930921823,48.810421,2.333833,48.810474,2.333867
9ax8up9b5cptf92ueyowam,8jhok49ioq2z1qey83axiz,160617209333891,560763434901739,48.810551,2.33399,48.8106,2.334031
9ax8up9b5cptf92ueyowam,8jhok49ioq2z1qey83axiz,212348000657283,436299024442024,48.810684,2.334126,48.810718999922,2.33415
9ax8up9b5cptf92ueyowam,8jhok49ioq2z1qey83axiz,876765916241259,176498001006641,48.810791,2.334244,48.810786999911,2.334228
9ax8up9b5cptf92ueyowam,8jhok49ioq2z1qey83axiz,5417215238353897,193230322617068,48.810844,2.334379,48.810822,2.33434
9ax8up9b5cptf92ueyowam,8jhok49ioq2z1qey83axiz,2949022085370782,461289031846070,48.810867,2.334553,48.810848,2.334512
9ax8up9b5cptf92ueyowam,8jhok49ioq2z1qey83axiz,946691199418348,457907168838936,48.810886,2.334768,48.810867,2.334718
9ax8up9b5cptf92ueyowam,8jhok49ioq2z1qey83axiz,236742388247010,1662952640559093,48.810905,2.334995,48.81089,2.334916
9ax8up9b5cptf92ueyowam,8jhok49ioq2z1qey83axiz,873909653166826,785854491908933,48.810928,2.335233,48.810936,2.335317
9ax8up9b5cptf92ueyowam,8jhok49ioq2z1qey83axiz,3538435059714494,219046586270317,48.810955,2.33547,48.810955,2.335551
9ax8up9b5cptf92ueyowam,8jhok49ioq2z1qey83axiz,234244445163291,506684537367520,48.810978,2.335725,48.810982,2.335779
9ax8up9b5cptf92ueyowam,8jhok49ioq2z1qey83axiz,5445706002168283,906848476836494,48.811005,2.335995,48.810997000076,2.335993
9ax8up9b5cptf92ueyowam,8jhok49ioq2z1qey83axiz,1046600002411927,295127082315402,48.811024,2.336283,48.81102,2.336238
9ax8up9b5cptf92ueyowam,8jhok49ioq2z1qey83axiz,501972507665478,132538505526710,48.811043,2.336574,48.811058,2.336742
9ax8up9b5cptf92ueyowam,8jhok49ioq2z1qey83axiz,277739880660758,132538505526710,48.811058,2.336828,48.811058,2.336742
9ax8up9b5cptf92ueyowam,8jhok49ioq2z1qey83axiz,855983205261976,573300636947273,48.811054,2.337055,48.811054,2.337063
9ax8up9b5cptf92ueyowam,8jhok49ioq2z1qey83axiz,932750754231090,284918003362838,48.811035,2.337233,48.811012,2.337351
9ax8up9b5cptf92ueyowam,8jhok49ioq2z1qey83axiz,196846462252357,284918003362838,48.810988999899,2.337475,48.811012,2.337351
9ax8up9b5cptf92ueyowam,8jhok49ioq2z1qey83axiz,904018050390920,757508368270304,48.81097,2.337559,48.810947,2.337652
9ax8up9b5cptf92ueyowam,8jhok49ioq2z1qey83axiz,164397852162564,757508368270304,48.810928,2.337735,48.810947,2.337652
9ax8up9b5cptf92ueyowam,8jhok49ioq2z1qey83axiz,2525826267726095,798935654076167,48.810883,2.337918,48.810879,2.337942
9ax8up9b5cptf92ueyowam,8jhok49ioq2z1qey83axiz,485511636203649,185929510047591,48.810844,2.338095,48.810852,2.338146
9ax8up9b5cptf92ueyowam,8jhok49ioq2z1qey83axiz,2877680669113843,185929510047591,48.81081,2.338273,48.810852,2.338146
9ax8up9b5cptf92ueyowam,8jhok49ioq2z1qey83axiz,495550948537926,756879524976066,48.810806,2.338463,48.810909,2.338252
9ax8up9b5cptf92ueyowam,8jhok49ioq2z1qey83axiz,374472557250968,471310650786233,48.815769000109,2.3443730001103,48.81599,2.344333
9ax8up9b5cptf92ueyowam,8jhok49ioq2z1qey83axiz,4207936422591061,471310650786233,48.815887,2.344359,48.81599,2.344333
9ax8up9b5cptf92ueyowam,8jhok49ioq2z1qey83axiz,363267038446824,4090483654347451,48.816020999843,2.344368,48.816006670012,2.344335
9ax8up9b5cptf92ueyowam,8jhok49ioq2z1qey83axiz,615983292709066,319315946275067,48.816147,2.344372,48.816174,2.344379
9ax8up9b5cptf92ueyowam,8jhok49ioq2z1qey83axiz,282236646597887,304516251053434,48.816212,2.344504,48.816181,2.344515
9ax8up9b5cptf92ueyowam,8jhok49ioq2z1qey83axiz,274203637721044,924284248352430,48.816212,2.344718,48.816176999884,2.344692
9ax8up9b5cptf92ueyowam,8jhok49ioq2z1qey83axiz,147972964004782,327396535471349,48.816204,2.344983,48.816174,2.344888999889
9ax8up9b5cptf92ueyowam,8jhok49ioq2z1qey83axiz,141896127945376,1049181425609661,48.8162,2.345242,48.816166,2.345354
9ax8up9b5cptf92ueyowam,8jhok49ioq2z1qey83axiz,501537264537193,157490506305766,48.816193,2.345538,48.816158,2.345626
9ax8up9b5cptf92ueyowam,8jhok49ioq2z1qey83axiz,476493977000505,2816935841892136,48.816181,2.3458430001137,48.816158,2.3459129998945
9ax8up9b5cptf92ueyowam,8jhok49ioq2z1qey83axiz,2999315686965754,207262114311864,48.816185,2.346138,48.816176999884,2.346193
9ax8up9b5cptf92ueyowam,8jhok49ioq2z1qey83axiz,284326066755199,521550542170378,48.816216,2.346418,48.816208,2.346468
9ax8up9b5cptf92ueyowam,8jhok49ioq2z1qey83axiz,883433455537742,283527560072061,48.816257,2.346686,48.816260999903,2.34675
9ax8up9b5cptf92ueyowam,8jhok49ioq2z1qey83axiz,533526888033870,217146419843651,48.816299,2.346891,48.816322,2.347015
9ax8up9b5cptf92ueyowam,8jhok49ioq2z1qey83axiz,839464836918729,217146419843651,48.81633,2.347025,48.816322,2.347015
9ax8up9b5cptf92ueyowam,8jhok49ioq2z1qey83axiz,1945399755612717,217146419843651,48.816357000154,2.34712,48.816322,2.347015
9ax8up9b5cptf92ueyowam,8jhok49ioq2z1qey83axiz,819832895618062,478803133453771,48.816376,2.3471910000991,48.816387,2.347252
9ax8up9b5cptf92ueyowam,8jhok49ioq2z1qey83axiz,301341828175146,478803133453771,48.816399000112,2.347256,48.816387,2.347252
9ax8up9b5cptf92ueyowam,8jhok49ioq2z1qey83axiz,495972875088199,478803133453771,48.816414,2.347322,48.816387,2.347252
9ax8up9b5cptf92ueyowam,8jhok49ioq2z1qey83axiz,1140202886484451,177635530790716,48.816433,2.347358,48.816437000079,2.347416
9ax8up9b5cptf92ueyowam,8jhok49ioq2z1qey83axiz,207781847555606,177635530790716,48.816441,2.3473890000741,48.816437000079,2.347416
9ax8up9b5cptf92ueyowam,8jhok49ioq2z1qey83axiz,203096094747428,177635530790716,48.816452,2.347418,48.816437000079,2.347416
9ax8up9b5cptf92ueyowam,8jhok49ioq2z1qey83axiz,577917983175892,177635530790716,48.81646,2.347439,48.816437000079,2.347416
9ax8up9b5cptf92ueyowam,8jhok49ioq2z1qey83axiz,213367817259705,3937898996260044,48.816475,2.347465,48.816479000157,2.347531
9ax8up9b5cptf92ueyowam,8jhok49ioq2z1qey83axiz,466925861082834,3937898996260044,48.816486,2.347502,48.816479000157,2.347531
9ax8up9b5cptf92ueyowam,8jhok49ioq2z1qey83axiz,849155189010882,3937898996260044,48.816502,2.347536,48.816479000157,2.347531
9ax8up9b5cptf92ueyowam,8jhok49ioq2z1qey83axiz,423879351999027,291885945762309,48.816513,2.347568,48.816508999865,2.347614
9ax8up9b5cptf92ueyowam,8jhok49ioq2z1qey83axiz,484155356338491,291885945762309,48.816528,2.347597,48.816508999865,2.347614
9ax8up9b5cptf92ueyowam,8jhok49ioq2z1qey83axiz,475211723683399,512852426576423,48.81654,2.34763,48.81654,2.347677
9ax8up9b5cptf92ueyowam,8jhok49ioq2z1qey83axiz,788227118361101,512852426576423,48.816550999882,2.347665,48.81654,2.347677
9ax8up9b5cptf92ueyowam,8jhok49ioq2z1qey83axiz,378245190124351,132099818937690,48.81657,2.347706,48.816566,2.347742
9ax8up9b5cptf92ueyowam,8jhok49ioq2z1qey83axiz,326938682279773,132099818937690,48.816588999841,2.347755,48.816566,2.347742
9ax8up9b5cptf92ueyowam,8jhok49ioq2z1qey83axiz,477987320093464,952865375523200,48.816612,2.34781,48.816592999856,2.347812
9ax8up9b5cptf92ueyowam,8jhok49ioq2z1qey83axiz,460865411875953,462135235071545,48.816639,2.347881,48.816628,2.347888
9ax8up9b5cptf92ueyowam,8jhok49ioq2z1qey83axiz,396707194985002,2889332271339325,48.816681,2.3479830000844,48.816673,2.347989
9ax8up9b5cptf92ueyowam,8jhok49ioq2z1qey83axiz,492140558504580,751420268854923,48.81673,2.3481,48.816742,2.348118
9ax8up9b5cptf92ueyowam,8jhok49ioq2z1qey83axiz,1328337984233659,369942947726994,48.816784,2.3482289998933,48.816788,2.348221
9ax8up9b5cptf92ueyowam,8jhok49ioq2z1qey83axiz,367752424622139,307037744133321,48.816841,2.348365,48.816833,2.348334
9ax8up9b5cptf92ueyowam,8jhok49ioq2z1qey83axiz,925295474922228,160987052534811,48.816895,2.34849,48.816891,2.348454
9ax8up9b5cptf92ueyowam,8jhok49ioq2z1qey83axiz,203139924748533,485187216128506,48.816956,2.348617,48.816944,2.348587
9ax8up9b5cptf92ueyowam,8jhok49ioq2z1qey83axiz,336461774569339,241705801055227,48.817024,2.348767,48.817009,2.348734
9ax8up9b5cptf92ueyowam,8jhok49ioq2z1qey83axiz,929150877922659,903103080233911,48.817097,2.348967,48.81707,2.348892
9ax8up9b5cptf92ueyowam,8jhok49ioq2z1qey83axiz,850853985780824,1134283650384081,48.817173,2.34918,48.817211,2.349248
9ax8up9b5cptf92ueyowam,8jhok49ioq2z1qey83axiz,856083854982433,2926562374331064,48.817249,2.349388,48.817276,2.349436
9ax8up9b5cptf92ueyowam,8jhok49ioq2z1qey83axiz,195323172433598,211432984120776,48.817333,2.349578,48.817348,2.349642
9ax8up9b5cptf92ueyowam,8jhok49ioq2z1qey83axiz,851217885603346,226393465912340,48.817398,2.3497789998982,48.817425,2.349852
9ax8up9b5cptf92ueyowam,8jhok49ioq2z1qey83axiz,3948618568556061,511703013295392,48.817455,2.349968,48.81749,2.350007
9ax8up9b5cptf92ueyowam,8jhok49ioq2z1qey83axiz,285626486380376,381246276397569,48.817501,2.350129,48.817524,2.3501
9ax8up9b5cptf92ueyowam,8jhok49ioq2z1qey83axiz,243678090843373,4589573351069960,48.817539,2.350266,48.817571,2.350231
9ax8up9b5cptf92ueyowam,8jhok49ioq2z1qey83axiz,197078698898490,741465689861341,48.817581,2.350371,48.817619,2.350351
9ax8up9b5cptf92ueyowam,8jhok49ioq2z1qey83axiz,3979490882116964,2895322600755437,48.817616,2.350481,48.817649429999,2.350472
9ax8up9b5cptf92ueyowam,8jhok49ioq2z1qey83axiz,304805684459945,3911981945564946,48.817638,2.350591,48.81768,2.350596
9ax8up9b5cptf92ueyowam,8jhok49ioq2z1qey83axiz,891386358076079,1352521731796533,48.817661,2.350681,48.817692,2.350658
9ax8up9b5cptf92ueyowam,8jhok49ioq2z1qey83axiz,239017548011121,295965745539470,48.817684,2.350773,48.817707,2.35074
9ax8up9b5cptf92ueyowam,8jhok49ioq2z1qey83axiz,759622077936853,2834371253492637,48.817703,2.350878,48.817749,2.350894
9ax8up9b5cptf92ueyowam,8jhok49ioq2z1qey83axiz,470132407375816,986014208603440,48.817719,2.350959,48.817757,2.350964
9ax8up9b5cptf92ueyowam,8jhok49ioq2z1qey83axiz,2874080962841226,986014208603440,48.81773,2.351014,48.817757,2.350964
9ax8up9b5cptf92ueyowam,8jhok49ioq2z1qey83axiz,504614624072265,828327104439269,48.817741,2.351082,48.81778,2.351058
9ax8up9b5cptf92ueyowam,8jhok49ioq2z1qey83axiz,201789618228501,847632599432971,48.817764,2.351199,48.817814,2.351178
9ax8up9b5cptf92ueyowam,8jhok49ioq2z1qey83axiz,465768281168137,3868197796635289,48.817795,2.351377,48.817848,2.351338
9ax8up9b5cptf92ueyowam,8jhok49ioq2z1qey83axiz,749227425746759,468006507851822,48.817818,2.351574,48.817875,2.351538
9ax8up9b5cptf92ueyowam,8jhok49ioq2z1qey83axiz,507083260487277,1475137432817743,48.817841,2.351788,48.817894,2.351765
9ax8up9b5cptf92ueyowam,8jhok49ioq2z1qey83axiz,494288695339168,1210073836116532,48.817852,2.352012,48.817909,2.352009
9ax8up9b5cptf92ueyowam,8jhok49ioq2z1qey83axiz,507060830327966,371181907577337,48.817856,2.352228,48.817913,2.352256
9ax8up9b5cptf92ueyowam,8jhok49ioq2z1qey83axiz,937710403661791,935376647211708,48.817852,2.35242,48.817905,2.352503
9ax8up9b5cptf92ueyowam,8jhok49ioq2z1qey83axiz,485732649407600,935376647211708,48.817844,2.352559,48.817905,2.352503
9ax8up9b5cptf92ueyowam,8jhok49ioq2z1qey83axiz,168682811837028,457932621979244,48.817841,2.352633,48.817886,2.352766
9ax8up9b5cptf92ueyowam,8jhok49ioq2z1qey83axiz,3931412150287753,457932621979244,48.817837,2.352709,48.817886,2.352766
9ax8up9b5cptf92ueyowam,8jhok49ioq2z1qey83axiz,292108915708322,457932621979244,48.817833,2.352792,48.817886,2.352766
9ax8up9b5cptf92ueyowam,8jhok49ioq2z1qey83axiz,1114469089292169,457932621979244,48.817825,2.352881,48.817886,2.352766
9ax8up9b5cptf92ueyowam,8jhok49ioq2z1qey83axiz,542757503381469,822163418705551,48.817818,2.352987,48.817852,2.353034
9ax8up9b5cptf92ueyowam,8jhok49ioq2z1qey83axiz,299240058319491,822163418705551,48.817802,2.353102,48.817852,2.353034
9ax8up9b5cptf92ueyowam,8jhok49ioq2z1qey83axiz,322501542565276,2861084480818307,48.817776,2.35325,48.817802,2.353314
9ax8up9b5cptf92ueyowam,8jhok49ioq2z1qey83axiz,924956661381528,2861084480818307,48.817741,2.353403,48.817802,2.353314
9ax8up9b5cptf92ueyowam,8jhok49ioq2z1qey83axiz,3891115330944382,482849326496551,48.817711,2.353559,48.817741,2.353577
9ax8up9b5cptf92ueyowam,8jhok49ioq2z1qey83axiz,775151709870985,154046346663940,48.817677,2.353689,48.817673,2.35382
9ax8up9b5cptf92ueyowam,8jhok49ioq2z1qey83axiz,173996814602790,154046346663940,48.817654,2.353766,48.817673,2.35382
9ax8up9b5cptf92ueyowam,8jhok49ioq2z1qey83axiz,3904783052904646,154046346663940,48.817635,2.35382,48.817673,2.35382
9ax8up9b5cptf92ueyowam,8jhok49ioq2z1qey83axiz,2263862270414562,154046346663940,48.817631,2.353824,48.817673,2.35382
9ax8up9b5cptf92ueyowam,8jhok49ioq2z1qey83axiz,236659634915051,154046346663940,48.817627,2.353828,48.817673,2.35382
9ax8up9b5cptf92ueyowam,8jhok49ioq2z1qey83axiz,1805003096350774,154046346663940,48.817622200004,2.3538364,48.817673,2.35382
9ax8up9b5cptf92ueyowam,8jhok49ioq2z1qey83axiz,522475449125664,154046346663940,48.817619,2.353842,48.817673,2.35382
9ax8up9b5cptf92ueyowam,8jhok49ioq2z1qey83axiz,184721656725420,133057632141906,48.817596,2.353904,48.8176,2.354025
9ax8up9b5cptf92ueyowam,8jhok49ioq2z1qey83axiz,550103856378578,133057632141906,48.817547,2.354017,48.8176,2.354025
9ax8up9b5cptf92ueyowam,8jhok49ioq2z1qey83axiz,960211724722190,156678899723400,48.817482,2.354161,48.817528,2.354192
9ax8up9b5cptf92ueyowam,8jhok49ioq2z1qey83axiz,4040123616010881,287861592893550,48.817371,2.354369,48.817379149999,2.3544635199899
9ax8up9b5cptf92ueyowam,8jhok49ioq2z1qey83axiz,250818316816295,1441998269472822,48.81723,2.354579,48.817291,2.354625
9ax8up9b5cptf92ueyowam,8jhok49ioq2z1qey83axiz,512135399878002,372311927420696,48.817047,2.354818,48.817127,2.35491
9ax8up9b5cptf92ueyowam,8jhok49ioq2z1qey83axiz,3939769006136714,150194643780679,48.81686,2.355045,48.816978,2.355173
9ax8up9b5cptf92ueyowam,8jhok49ioq2z1qey83axiz,1062397857619308,2006268769548658,48.816669,2.355283,48.816841,2.355433
9ax8up9b5cptf92ueyowam,8jhok49ioq2z1qey83axiz,908901873283715,318171949684164,48.816498,2.355531,48.816719,2.355668
9ax8up9b5cptf92ueyowam,8jhok49ioq2z1qey83axiz,323885582430420,466686927925445,48.81636,2.355804,48.816588999841,2.355976
9ax8up9b5cptf92ueyowam,8jhok49ioq2z1qey83axiz,2701652146793410,475463210370432,48.816254,2.356117,48.81646,2.356363
9ax8up9b5cptf92ueyowam,8jhok49ioq2z1qey83axiz,319201812972647,316399180076254,48.816174,2.356451,48.816406,2.35657
9ax8up9b5cptf92ueyowam,8jhok49ioq2z1qey83axiz,847908746079258,161401039150912,48.816132,2.356791,48.816334,2.356931
9ax8up9b5cptf92ueyowam,8jhok49ioq2z1qey83axiz,138661224913026,1352135025171658,48.816100999888,2.357117,48.816296,2.357216
9ax8up9b5cptf92ueyowam,8jhok49ioq2z1qey83axiz,162200089052474,3994197647293138,48.816078,2.357442,48.816273000079,2.357479
9ax8up9b5cptf92ueyowam,8jhok49ioq2z1qey83axiz,306236177544901,470026344221396,48.816059,2.357752,48.816246,2.357764
9ax8up9b5cptf92ueyowam,8jhok49ioq2z1qey83axiz,204147864637507,268413771642248,48.81604,2.35806,48.816223,2.358143
9ax8up9b5cptf92ueyowam,8jhok49ioq2z1qey83axiz,168125868539490,922846111824596,48.816020999843,2.358355,48.816208,2.358456
9ax8up9b5cptf92ueyowam,8jhok49ioq2z1qey83axiz,468598224197090,388103778973826,48.815987,2.358638,48.816193,2.358663
9ax8up9b5cptf92ueyowam,8jhok49ioq2z1qey83axiz,311256067068399,1339866726388830,48.815952,2.358895,48.81617,2.358932
9ax8up9b5cptf92ueyowam,8jhok49ioq2z1qey83axiz,4053242334732366,312340743854708,48.815926,2.359121,48.816158,2.359189
9ax8up9b5cptf92ueyowam,8jhok49ioq2z1qey83axiz,320528246090913,312340743854708,48.815903000119,2.359264,48.816158,2.359189
9ax8up9b5cptf92ueyowam,8jhok49ioq2z1qey83axiz,304622624487354,791511251796715,48.815895,2.359314,48.816142999846,2.359448
9ax8up9b5cptf92ueyowam,8jhok49ioq2z1qey83axiz,363920138375678,791511251796715,48.815891000078,2.359333,48.816142999846,2.359448
9ax8up9b5cptf92ueyowam,8jhok49ioq2z1qey83axiz,521566195675170,791511251796715,48.81588,2.359361,48.816142999846,2.359448
9ax8up9b5cptf92ueyowam,8jhok49ioq2z1qey83axiz,273579947710771,949149109175195,48.815816519997,2.3602503299736,48.816078,2.360306
9ax8up9b5cptf92ueyowam,8jhok49ioq2z1qey83axiz,1113614642466987,949149109175195,48.815815760045,2.3602516699595,48.816078,2.360306
9ax8up9b5cptf92ueyowam,8jhok49ioq2z1qey83axiz,513627539648187,949149109175195,48.815815,2.360253,48.816078,2.360306
9ax8up9b5cptf92ueyowam,8jhok49ioq2z1qey83axiz,494741858380898,457033748695943,48.815735,2.362127,48.815978999914,2.362153
9ax8up9b5cptf92ueyowam,8jhok49ioq2z1qey83axiz,982870795793478,216494190280120,48.815769000109,2.362396,48.815983,2.362408
9ax8up9b5cptf92ueyowam,8jhok49ioq2z1qey83axiz,314821323418817,527065131787104,48.8158,2.362644,48.816002,2.36267
9ax8up9b5cptf92ueyowam,8jhok49ioq2z1qey83axiz,2550274995279008,794370291190444,48.815826,2.362914,48.816025,2.362942
9ax8up9b5cptf92ueyowam,8jhok49ioq2z1qey83axiz,813760739571159,1445713145774336,48.815868,2.363357,48.816082,2.363281
9ax8up9b5cptf92ueyowam,8jhok49ioq2z1qey83axiz,210891350538701,365973088180025,48.815891000078,2.363502,48.816096999923,2.363371
9ax8up9b5cptf92ueyowam,8jhok49ioq2z1qey83axiz,1239727789814995,290184935936676,48.815968,2.363787,48.816151000116,2.363631
9ax8up9b5cptf92ueyowam,8jhok49ioq2z1qey83axiz,128212585964283,958780854864349,48.816055,2.364053,48.816245130123,2.3639748699844
9ax8up9b5cptf92ueyowam,8jhok49ioq2z1qey83axiz,465578181401755,145673340855595,48.81617,2.3643010000848,48.816319,2.364172
9ax8up9b5cptf92ueyowam,8jhok49ioq2z1qey83axiz,3309128882523129,487889892408049,48.816284,2.3645469999253,48.81638,2.36433
9ax8up9b5cptf92ueyowam,8jhok49ioq2z1qey83axiz,455444805551766,129264625860062,48.816406,2.364799000102,48.816463000111,2.364532
9ax8up9b5cptf92ueyowam,8jhok49ioq2z1qey83axiz,938622513577655,149925927142738,48.816525,2.365061,48.816616,2.364878
9ax8up9b5cptf92ueyowam,8jhok49ioq2z1qey83axiz,495823498267352,3718920898234261,48.816643,2.365325,48.816803,2.365288
9ax8up9b5cptf92ueyowam,8jhok49ioq2z1qey83axiz,1163579667424228,3718920898234261,48.816765,2.365594,48.816803,2.365288
9ax8up9b5cptf92ueyowam,8jhok49ioq2z1qey83axiz,491905962244671,930300064491297,48.816887,2.365864,48.81699,2.3657089998912
9ax8up9b5cptf92ueyowam,8jhok49ioq2z1qey83axiz,178242650820101,131539628922287,48.817005,2.366158,48.817154,2.36612
9ax8up9b5cptf92ueyowam,8jhok49ioq2z1qey83axiz,178269304170571,921868565257809,48.817123,2.366441,48.817249,2.36638
9ax8up9b5cptf92ueyowam,8jhok49ioq2z1qey83axiz,939985566762954,307780601006492,48.817265,2.366881,48.817413,2.366853
9ax8up9b5cptf92ueyowam,8jhok49ioq2z1qey83axiz,945892759296000,307780601006492,48.817314,2.367017,48.817413,2.366853
9ax8up9b5cptf92ueyowam,8jhok49ioq2z1qey83axiz,857497261472588,934433183957513,48.817406,2.367295,48.817554,2.367223
9ax8up9b5cptf92ueyowam,8jhok49ioq2z1qey83axiz,829830194283814,128587025967236,48.817493,2.367558,48.817661,2.36752
9ax8up9b5cptf92ueyowam,8jhok49ioq2z1qey83axiz,143520604412084,183676663608790,48.81757,2.367825,48.817726,2.36772
9ax8up9b5cptf92ueyowam,8jhok49ioq2z1qey83axiz,455521965740570,286044523169593,48.817741,2.36835,48.817871,2.368156
9ax8up9b5cptf92ueyowam,8jhok49ioq2z1qey83axiz,466023881371657,469572400920661,48.817829,2.368617,48.818005,2.368566
9ax8up9b5cptf92ueyowam,8jhok49ioq2z1qey83axiz,1188115828315741,197924515349097,48.817905,2.368871,48.818062,2.368743
9ax8up9b5cptf92ueyowam,8jhok49ioq2z1qey83axiz,3662717713851172,155972259724174,48.817982,2.369123,48.818127,2.368944
9ax8up9b5cptf92ueyowam,8jhok49ioq2z1qey83axiz,391477175192547,152641946807310,48.818062,2.369386,48.818199,2.369168
9ax8up9b5cptf92ueyowam,8jhok49ioq2z1qey83axiz,629921618039459,1256310811431250,48.81815,2.369664,48.818352,2.369623
9ax8up9b5cptf92ueyowam,8jhok49ioq2z1qey83axiz,1415740912128945,2093424394130761,48.818256,2.369972,48.81842,2.369838
9ax8up9b5cptf92ueyowam,8jhok49ioq2z1qey83axiz,1524791614362502,820096705263163,48.818352,2.370279,48.818535,2.370187
9ax8up9b5cptf92ueyowam,8jhok49ioq2z1qey83axiz,1366179190428023,487332105818204,48.818447,2.370577,48.818619,2.370452
9ax8up9b5cptf92ueyowam,8jhok49ioq2z1qey83axiz,264181575408805,158542142787639,48.818539,2.370868,48.818714,2.370743
9ax8up9b5cptf92ueyowam,8jhok49ioq2z1qey83axiz,321006019454341,307816344086248,48.818626,2.371136,48.818779,2.370943
9ax8up9b5cptf92ueyowam,8jhok49ioq2z1qey83axiz,796257344356661,208888294132610,48.818714,2.3714,48.818844,2.371157
9ax8up9b5cptf92ueyowam,8jhok49ioq2z1qey83axiz,366401518132175,1181426032319363,48.818798,2.37165,48.818924,2.371412
9ax8up9b5cptf92ueyowam,8jhok49ioq2z1qey83axiz,2553369268304554,129911489175991,48.818878,2.371894,48.819016,2.371692
9ax8up9b5cptf92ueyowam,8jhok49ioq2z1qey83axiz,4386864868013423,889351294946137,48.818951,2.372123,48.819107,2.371988
9ax8up9b5cptf92ueyowam,8jhok49ioq2z1qey83axiz,502256380914262,5420713941335524,48.819019,2.37233,48.819199,2.372286
9ax8up9b5cptf92ueyowam,8jhok49ioq2z1qey83axiz,167622581922350,5420713941335524,48.819077,2.372506,48.819199,2.372286
9ax8up9b5cptf92ueyowam,8jhok49ioq2z1qey83axiz,820154022183377,808886973377909,48.819118,2.372636,48.819275,2.372524
9ax8up9b5cptf92ueyowam,8jhok49ioq2z1qey83axiz,913237129456840,808886973377909,48.819134,2.372674,48.819275,2.372524
9ax8up9b5cptf92ueyowam,8jhok49ioq2z1qey83axiz,1633472293510163,808886973377909,48.819134,2.372682,48.819275,2.372524
9ax8up9b5cptf92ueyowam,8jhok49ioq2z1qey83axiz,1367298400316815,808886973377909,48.819134939997,2.37268875,48.819275,2.372524
9ax8up9b5cptf92ueyowam,8jhok49ioq2z1qey83axiz,175694057754413,808886973377909,48.819136809979,2.37269425,48.819275,2.372524
9ax8up9b5cptf92ueyowam,8jhok49ioq2z1qey83axiz,506550304037258,808886973377909,48.81914525,2.372719,48.819275,2.372524
9ax8up9b5cptf92ueyowam,8jhok49ioq2z1qey83axiz,3994988383870579,808886973377909,48.819147129993,2.3727245000386,48.819275,2.372524
9ax8up9b5cptf92ueyowam,8jhok49ioq2z1qey83axiz,315555413287376,808886973377909,48.819149,2.37273,48.819275,2.372524
9ax8up9b5cptf92ueyowam,8jhok49ioq2z1qey83axiz,284865393267843,278228680689098,48.819183,2.372823,48.819336,2.372705
9ax8up9b5cptf92ueyowam,8jhok49ioq2z1qey83axiz,474625953776689,3966724956786967,48.819229,2.372912,48.819389,2.372866
9ax8up9b5cptf92ueyowam,8jhok49ioq2z1qey83axiz,183525523633299,3966724956786967,48.819275,2.372982,48.819389,2.372866
9ax8up9b5cptf92ueyowam,8jhok49ioq2z1qey83axiz,763095064386552,3966724956786967,48.819294,2.373038,48.819389,2.372866
9ax8up9b5cptf92ueyowam,8jhok49ioq2z1qey83axiz,184296340210112,314514206718277,48.819302,2.373055,48.819443,2.373026
9ax8up9b5cptf92ueyowam,8jhok49ioq2z1qey83axiz,205295027893374,314514206718277,48.819301750005,2.373088500036,48.819443,2.373026
9ax8up9b5cptf92ueyowam,8jhok49ioq2z1qey83axiz,164696375579421,314514206718277,48.819309250023,2.3731034999401,48.819443,2.373026
9ax8up9b5cptf92ueyowam,8jhok49ioq2z1qey83axiz,957533321753648,314514206718277,48.819328,2.373153,48.819443,2.373026
9ax8up9b5cptf92ueyowam,8jhok49ioq2z1qey83axiz,790433094997224,794269258193730,48.819359,2.373241,48.819496,2.373198
9ax8up9b5cptf92ueyowam,8jhok49ioq2z1qey83axiz,475502393738234,794269258193730,48.819372,2.37327,48.819496,2.373198
9ax8up9b5cptf92ueyowam,8jhok49ioq2z1qey83axiz,109255151213336,794269258193730,48.819378,2.373299,48.819496,2.373198
9ax8up9b5cptf92ueyowam,8jhok49ioq2z1qey83axiz,903413606898373,794269258193730,48.819408,2.373384,48.819496,2.373198
9ax8up9b5cptf92ueyowam,8jhok49ioq2z1qey83axiz,3996619397051443,735638697111177,48.819443,2.373489,48.819565,2.373414
9ax8up9b5cptf92ueyowam,8jhok49ioq2z1qey83axiz,1087648448380152,735638697111177,48.819477,2.373596,48.819565,2.373414
9ax8up9b5cptf92ueyowam,8jhok49ioq2z1qey83axiz,575674879991853,179527274043050,48.819546,2.373785,48.819656,2.373679
9ax8up9b5cptf92ueyowam,8jhok49ioq2z1qey83axiz,2903439226566033,1656923211170947,48.819618,2.374031,48.819748,2.373949
9ax8up9b5cptf92ueyowam,8jhok49ioq2z1qey83axiz,476150540364415,555641695429010,48.819691,2.374259,48.819843,2.374222
9ax8up9b5cptf92ueyowam,8jhok49ioq2z1qey83axiz,488098638907626,794874338127481,48.819752,2.374468,48.819935,2.374489
9ax8up9b5cptf92ueyowam,8jhok49ioq2z1qey83axiz,487213199362920,794874338127481,48.819809,2.374657,48.819935,2.374489
9ax8up9b5cptf92ueyowam,8jhok49ioq2z1qey83axiz,792265741411442,301771391406702,48.819862,2.374825,48.820026,2.374764
9ax8up9b5cptf92ueyowam,8jhok49ioq2z1qey83axiz,474288107020100,301771391406702,48.819916,2.374989,48.820026,2.374764
9ax8up9b5cptf92ueyowam,8jhok49ioq2z1qey83axiz,378987183373238,859191807994616,48.819954,2.375124,48.820118,2.375041
9ax8up9b5cptf92ueyowam,8jhok49ioq2z1qey83axiz,292789105726578,859191807994616,48.819981,2.375184,48.820118,2.375041
9ax8up9b5cptf92ueyowam,8jhok49ioq2z1qey83axiz,1786759238160783,859191807994616,48.8199845,2.3751905,48.820118,2.375041
9ax8up9b5cptf92ueyowam,8jhok49ioq2z1qey83axiz,153273766740039,859191807994616,48.819988,2.375197,48.820118,2.375041
9ax8up9b5cptf92ueyowam,8jhok49ioq2z1qey83axiz,293767115700943,859191807994616,48.819996,2.375223,48.820118,2.375041
9ax8up9b5cptf92ueyowam,8jhok49ioq2z1qey83axiz,512549863080596,859191807994616,48.820007,2.375272,48.820118,2.375041
9ax8up9b5cptf92ueyowam,8jhok49ioq2z1qey83axiz,1127146464452679,484757286073842,48.820026,2.375326,48.82021,2.375317
9ax8up9b5cptf92ueyowam,8jhok49ioq2z1qey83axiz,216491276551990,484757286073842,48.820038,2.37538,48.82021,2.375317
9ax8up9b5cptf92ueyowam,8jhok49ioq2z1qey83axiz,161637089297079,484757286073842,48.820057,2.375428,48.82021,2.375317
9ax8up9b5cptf92ueyowam,8jhok49ioq2z1qey83axiz,452495652513568,484757286073842,48.820072,2.375464,48.82021,2.375317
9ax8up9b5cptf92ueyowam,8jhok49ioq2z1qey83axiz,172855778081741,484757286073842,48.820084,2.37551,48.82021,2.375317
9ax8up9b5cptf92ueyowam,8jhok49ioq2z1qey83axiz,166545122056536,484757286073842,48.820099,2.375557,48.82021,2.375317
9ax8up9b5cptf92ueyowam,8jhok49ioq2z1qey83axiz,420766565626135,849231198998603,48.820114,2.375611,48.820305,2.375593
9ax8up9b5cptf92ueyowam,8jhok49ioq2z1qey83axiz,779289332778109,849231198998603,48.820126,2.375667,48.820305,2.375593
9ax8up9b5cptf92ueyowam,8jhok49ioq2z1qey83axiz,897247260826601,849231198998603,48.820133,2.3757090000751,48.820305,2.375593
9ax8up9b5cptf92ueyowam,8jhok49ioq2z1qey83axiz,470213507579398,849231198998603,48.820145,2.375747,48.820305,2.375593
9ax8up9b5cptf92ueyowam,8jhok49ioq2z1qey83axiz,461721888459248,849231198998603,48.820156,2.375792,48.820305,2.375593
9ax8up9b5cptf92ueyowam,8jhok49ioq2z1qey83axiz,131483455679824,849231198998603,48.820175,2.375844,48.820305,2.375593
9ax8up9b5cptf92ueyowam,8jhok49ioq2z1qey83axiz,371271054318957,793307761301265,48.820202,2.375905,48.820389,2.37587
9ax8up9b5cptf92ueyowam,8jhok49ioq2z1qey83axiz,766032040729561,793307761301265,48.820232,2.37599,48.820389,2.37587
9ax8up9b5cptf92ueyowam,8jhok49ioq2z1qey83axiz,897773007738013,793307761301265,48.820274,2.376102,48.820389,2.37587
9ax8up9b5cptf92ueyowam,8jhok49ioq2z1qey83axiz,815356429073262,389780235406377,48.820324,2.376216,48.820488,2.376167
9ax8up9b5cptf92ueyowam,8jhok49ioq2z1qey83axiz,142482964523408,389780235406377,48.820374,2.376334,48.820488,2.376167
9ax8up9b5cptf92ueyowam,8jhok49ioq2z1qey83axiz,328182851984266,146344314122735,48.820423,2.376451,48.820591,2.376474
9ax8up9b5cptf92ueyowam,8jhok49ioq2z1qey83axiz,2551949921768027,146344314122735,48.820461,2.376547,48.820591,2.376474
9ax8up9b5cptf92ueyowam,8jhok49ioq2z1qey83axiz,317304876440079,146344314122735,48.820503,2.376644,48.820591,2.376474
9ax8up9b5cptf92ueyowam,8jhok49ioq2z1qey83axiz,482802663058024,4330594593659331,48.820545,2.3767529999084,48.820698,2.376769
9ax8up9b5cptf92ueyowam,8jhok49ioq2z1qey83axiz,293656652370186,4330594593659331,48.820602,2.376898,48.820698,2.376769
9ax8up9b5cptf92ueyowam,8jhok49ioq2z1qey83axiz,755445021823048,371807994156879,48.820652,2.377046,48.820793,2.377053
9ax8up9b5cptf92ueyowam,8jhok49ioq2z1qey83axiz,4218506348212737,371807994156879,48.82069,2.377188,48.820793,2.377053
9ax8up9b5cptf92ueyowam,8jhok49ioq2z1qey83axiz,492092482146342,238228408093994,48.820732,2.377311,48.820889,2.377334
9ax8up9b5cptf92ueyowam,8jhok49ioq2z1qey83axiz,1110596146115524,238228408093994,48.820763,2.377391,48.820889,2.377334
9ax8up9b5cptf92ueyowam,8jhok49ioq2z1qey83axiz,306265511017244,238228408093994,48.820801,2.377467000068,48.820889,2.377334
9ax8up9b5cptf92ueyowam,8jhok49ioq2z1qey83axiz,542463030074309,316670873184738,48.82082,2.377546,48.820969,2.377592
9ax8up9b5cptf92ueyowam,8jhok49ioq2z1qey83axiz,195148889107364,316670873184738,48.820839,2.377628,48.820969,2.377592
9ax8up9b5cptf92ueyowam,8jhok49ioq2z1qey83axiz,362842255157549,316670873184738,48.820873,2.377723,48.820969,2.377592
9ax8up9b5cptf92ueyowam,8jhok49ioq2z1qey83axiz,367368601336505,316244310140704,48.820915,2.3778690000783,48.821045,2.377834
9ax8up9b5cptf92ueyowam,8jhok49ioq2z1qey83axiz,286724776391982,846019445995132,48.820984,2.37804,48.821117,2.378048
9ax8up9b5cptf92ueyowam,8jhok49ioq2z1qey83axiz,458195491908343,846019445995132,48.821049,2.378217,48.821117,2.378048
9ax8up9b5cptf92ueyowam,8jhok49ioq2z1qey83axiz,291816499085274,283431486834870,48.821125,2.378414,48.821194,2.37825
9ax8up9b5cptf92ueyowam,8jhok49ioq2z1qey83axiz,470979180887733,764894664212545,48.821205,2.378607,48.821274,2.378446
9ax8up9b5cptf92ueyowam,8jhok49ioq2z1qey83axiz,174224521270352,751488848893189,48.821301,2.378781,48.82135,2.37863
9ax8up9b5cptf92ueyowam,8jhok49ioq2z1qey83axiz,1053610355162310,922654618307677,48.821392,2.3789470001217,48.821434,2.378805
9ax8up9b5cptf92ueyowam,8jhok49ioq2z1qey83axiz,760333318178402,180023770639431,48.821495,2.37912,48.821529,2.378987
9ax8up9b5cptf92ueyowam,8jhok49ioq2z1qey83axiz,240211724514323,2734686700155642,48.821617,2.379306,48.821705,2.379298
9ax8up9b5cptf92ueyowam,8jhok49ioq2z1qey83axiz,289641436131202,470480274247668,48.821754,2.379508,48.821793,2.3794469998978
9ax8up9b5cptf92ueyowam,8jhok49ioq2z1qey83axiz,470500400724849,2866872823552724,48.821896,2.379742,48.821957,2.379778
9ax8up9b5cptf92ueyowam,8jhok49ioq2z1qey83axiz,461178434972686,368997361152558,48.822048,2.379977,48.82206,2.379956
9ax8up9b5cptf92ueyowam,8jhok49ioq2z1qey83axiz,1894917174002768,4281665338513082,48.822197,2.380217,48.822158499963,2.3801255000645
9ax8up9b5cptf92ueyowam,8jhok49ioq2z1qey83axiz,106230501550723,466065161163351,48.822346,2.380468,48.82235,2.380446
9ax8up9b5cptf92ueyowam,8jhok49ioq2z1qey83axiz,491729795283117,1293645141030314,48.822498,2.380721,48.822533,2.38076
9ax8up9b5cptf92ueyowam,8jhok49ioq2z1qey83axiz,1710768412454145,1073176973209159,48.822659,2.38097,48.822647,2.380947
9ax8up9b5cptf92ueyowam,8jhok49ioq2z1qey83axiz,2120710254746536,533488384496109,48.822815,2.381221,48.822762,2.381134
9ax8up9b5cptf92ueyowam,8jhok49ioq2z1qey83axiz,302032514635220,3086118961615253,48.822971,2.3814809998555,48.82299,2.3815089998647
9ax8up9b5cptf92ueyowam,8jhok49ioq2z1qey83axiz,207397210938350,3877788092297200,48.823116,2.381724,48.823105,2.381694
9ax8up9b5cptf92ueyowam,8jhok49ioq2z1qey83axiz,2014678282014106,747308319246935,48.823265,2.381971,48.823219,2.381889
9ax8up9b5cptf92ueyowam,8jhok49ioq2z1qey83axiz,214726470084105,856355708277264,48.823406,2.382214,48.823444,2.382264
9ax8up9b5cptf92ueyowam,8jhok49ioq2z1qey83axiz,473567740647190,891792994749566,48.823544,2.382435,48.823551,2.3824429999219
9ax8up9b5cptf92ueyowam,8jhok49ioq2z1qey83axiz,2626436220987157,371665617533268,48.823635,2.382584,48.82365,2.382608
9ax8up9b5cptf92ueyowam,8jhok49ioq2z1qey83axiz,169814825044173,150204150392174,48.8237,2.382698,48.823746,2.382764
9ax8up9b5cptf92ueyowam,8jhok49ioq2z1qey83axiz,944892806246461,150204150392174,48.823761,2.382804,48.823746,2.382764
9ax8up9b5cptf92ueyowam,8jhok49ioq2z1qey83axiz,816988632356699,1118014705340401,48.823822,2.3829090001426,48.823845,2.382929
9ax8up9b5cptf92ueyowam,8jhok49ioq2z1qey83axiz,170611191607274,1118014705340401,48.823872,2.382988,48.823845,2.382929
9ax8up9b5cptf92ueyowam,8jhok49ioq2z1qey83axiz,1094259177724186,1118014705340401,48.823917,2.383062,48.823845,2.382929
9ax8up9b5cptf92ueyowam,8jhok49ioq2z1qey83axiz,3829588373754975,1118014705340401,48.823967,2.383136,48.823845,2.382929
9ax8up9b5cptf92ueyowam,8jhok49ioq2z1qey83axiz,1157087281421484,253728556438574,48.824013,2.3832190001039,48.824097000071,2.383344
9ax8up9b5cptf92ueyowam,8jhok49ioq2z1qey83axiz,518284829196895,253728556438574,48.824081,2.383334,48.824097000071,2.383344
9ax8up9b5cptf92ueyowam,8jhok49ioq2z1qey83axiz,283872706696213,253728556438574,48.824158,2.383477,48.824097000071,2.383344
9ax8up9b5cptf92ueyowam,8jhok49ioq2z1qey83axiz,314941856859242,482580026385865,48.824226,2.383597,48.824272,2.383626
9ax8up9b5cptf92ueyowam,8jhok49ioq2z1qey83axiz,1150400648811883,482580026385865,48.824328999932,2.383764,48.824272,2.383626
9ax8up9b5cptf92ueyowam,8jhok49ioq2z1qey83axiz,513596089817178,876967359529785,48.824387,2.383847,48.824471,2.38394
9ax8up9b5cptf92ueyowam,8jhok49ioq2z1qey83axiz,2834845566736867,876967359529785,48.824448,2.383937,48.824471,2.38394
9ax8up9b5cptf92ueyowam,8jhok49ioq2z1qey83axiz,503581070775680,876967359529785,48.824512,2.38404,48.824471,2.38394
9ax8up9b5cptf92ueyowam,8jhok49ioq2z1qey83axiz,483863532735708,155974039796416,48.824596,2.384178,48.824669,2.384272
9ax8up9b5cptf92ueyowam,8jhok49ioq2z1qey83axiz,177753317539672,155974039796416,48.824703,2.384375,48.824669,2.384272
9ax8up9b5cptf92ueyowam,8jhok49ioq2z1qey83axiz,167851968562756,1237288693369856,48.824833,2.384609,48.82486300008,2.38461
9ax8up9b5cptf92ueyowam,8jhok49ioq2z1qey83axiz,4065931766800576,3964111830340226,48.824974,2.384883,48.825039,2.384958
9ax8up9b5cptf92ueyowam,8jhok49ioq2z1qey83axiz,557149462357906,306946824328576,48.825110999926,2.385187,48.825199,2.385314
9ax8up9b5cptf92ueyowam,8jhok49ioq2z1qey83axiz,304327291259039,306946824328576,48.825245,2.385489,48.825199,2.385314
9ax8up9b5cptf92ueyowam,8jhok49ioq2z1qey83axiz,509840650381228,535455470946490,48.825363,2.385794,48.825352,2.385686
9ax8up9b5cptf92ueyowam,8jhok49ioq2z1qey83axiz,811872569435363,750692858949661,48.825481,2.386106,48.825493,2.386058
9ax8up9b5cptf92ueyowam,8jhok49ioq2z1qey83axiz,258618532712963,929549064477425,48.825592,2.386428,48.825626,2.386448
9ax8up9b5cptf92ueyowam,8jhok49ioq2z1qey83axiz,845824802812601,781736932478485,48.825703,2.386751,48.825756,2.386839
9ax8up9b5cptf92ueyowam,8jhok49ioq2z1qey83axiz,287440153093586,3933866786669080,48.825808999931,2.387078,48.82589,2.387239
9ax8up9b5cptf92ueyowam,8jhok49ioq2z1qey83axiz,950749195675554,3933866786669080,48.825912,2.387397,48.82589,2.387239
9ax8up9b5cptf92ueyowam,8jhok49ioq2z1qey83axiz,1121340821683524,806001056979515,48.826019,2.387713,48.826019,2.387627
9ax8up9b5cptf92ueyowam,8jhok49ioq2z1qey83axiz,526035791721496,859900391576192,48.826122,2.388013,48.82614900009,2.388015
9ax8up9b5cptf92ueyowam,8jhok49ioq2z1qey83axiz,195949505541294,2975936605969046,48.826225,2.388307,48.826283,2.388401
9ax8up9b5cptf92ueyowam,8jhok49ioq2z1qey83axiz,313988440126285,2975936605969046,48.826324,2.388595,48.826283,2.388401
9ax8up9b5cptf92ueyowam,8jhok49ioq2z1qey83axiz,252387549911018,1179363455843201,48.826408,2.38885,48.826416,2.3888
9ax8up9b5cptf92ueyowam,8jhok49ioq2z1qey83axiz,296473218587184,462782698360842,48.826481,2.389068,48.826553,2.389189
9ax8up9b5cptf92ueyowam,8jhok49ioq2z1qey83axiz,273396144521555,462782698360842,48.82655,2.389271,48.826553,2.389189
9ax8up9b5cptf92ueyowam,8jhok49ioq2z1qey83axiz,127679036020654,490039028907891,48.826611,2.389444,48.826687,2.389587
9ax8up9b5cptf92ueyowam,8jhok49ioq2z1qey83axiz,2066007136872562,490039028907891,48.82666,2.389594,48.826687,2.389587
9ax8up9b5cptf92ueyowam,8jhok49ioq2z1qey83axiz,304927047689104,490039028907891,48.826706,2.38974,48.826687,2.389587
9ax8up9b5cptf92ueyowam,8jhok49ioq2z1qey83axiz,970032413768524,490039028907891,48.826752,2.389885,48.826687,2.389587
9ax8up9b5cptf92ueyowam,8jhok49ioq2z1qey83axiz,444304313329760,485386942667340,48.826809,2.390051,48.826878,2.390147
9ax8up9b5cptf92ueyowam,8jhok49ioq2z1qey83axiz,463999394904197,485386942667340,48.82687,2.390228,48.826878,2.390147
9ax8up9b5cptf92ueyowam,8jhok49ioq2z1qey83axiz,1160275077728156,3083731721848219,48.826935,2.390408,48.826931000087,2.3903029999332
9ax8up9b5cptf92ueyowam,8jhok49ioq2z1qey83axiz,3415321805235512,292309089236674,48.827,2.390595,48.827019,2.390573
9ax8up9b5cptf92ueyowam,8jhok49ioq2z1qey83axiz,488078449292533,910264313092793,48.827057,2.390767,48.827103000098,2.390804
9ax8up9b5cptf92ueyowam,8jhok49ioq2z1qey83axiz,741697346493913,552312399086025,48.827114,2.390933,48.827168,2.391008
9ax8up9b5cptf92ueyowam,8jhok49ioq2z1qey83axiz,1191329014651352,552312399086025,48.827164,2.391087,48.827168,2.391008
9ax8up9b5cptf92ueyowam,8jhok49ioq2z1qey83axiz,459985448615237,486316762601992,48.827213,2.391236,48.827225,2.391191
9ax8up9b5cptf92ueyowam,8jhok49ioq2z1qey83axiz,189122603047688,2923749687903407,48.827274,2.39144,48.827274,2.391355
9ax8up9b5cptf92ueyowam,8jhok49ioq2z1qey83axiz,2932027137040197,292090772658719,48.82729,2.391505,48.827312,2.39151
9ax8up9b5cptf92ueyowam,8jhok49ioq2z1qey83axiz,740886813251207,135147025297397,48.827332,2.391643,48.827351,2.391661
9ax8up9b5cptf92ueyowam,8jhok49ioq2z1qey83axiz,468133864476833,2594385327529424,48.827362,2.391784,48.827389,2.391812
9ax8up9b5cptf92ueyowam,8jhok49ioq2z1qey83axiz,811603092859112,505859213880976,48.827396,2.391945,48.827427,2.391992
9ax8up9b5cptf92ueyowam,8jhok49ioq2z1qey83axiz,183762560268645,2898200153791080,48.827431,2.3921,48.827461,2.392163
9ax8up9b5cptf92ueyowam,8jhok49ioq2z1qey83axiz,295934312152495,2898200153791080,48.827457,2.3922430000807,48.827461,2.392163
9ax8up9b5cptf92ueyowam,8jhok49ioq2z1qey83axiz,491193262028613,4316811965009028,48.82748,2.392381,48.827492,2.392338
9ax8up9b5cptf92ueyowam,8jhok49ioq2z1qey83axiz,2026174294189413,271115121403217,48.82749900008,2.3925,48.827518,2.3925
9ax8up9b5cptf92ueyowam,8jhok49ioq2z1qey83axiz,789565081692207,364686368319004,48.827515,2.392608,48.827541,2.392648
9ax8up9b5cptf92ueyowam,8jhok49ioq2z1qey83axiz,523078455764502,1181020548985506,48.827534,2.392741,48.82756,2.392772
9ax8up9b5cptf92ueyowam,8jhok49ioq2z1qey83axiz,956334918512661,535023414158942,48.827545,2.392845,48.827572,2.392878
9ax8up9b5cptf92ueyowam,8jhok49ioq2z1qey83axiz,5396667400375044,213040026988658,48.827556999897,2.392935,48.82758299993,2.392965
9ax8up9b5cptf92ueyowam,8jhok49ioq2z1qey83axiz,924991341677604,279036927223152,48.827568,2.393037,48.827587,2.393034
9ax8up9b5cptf92ueyowam,8jhok49ioq2z1qey83axiz,475662883852018,364655151656009,48.827579,2.393126,48.827602,2.393137
9ax8up9b5cptf92ueyowam,8jhok49ioq2z1qey83axiz,2827314144189042,364655151656009,48.82758299993,2.393177,48.827602,2.393137
9ax8up9b5cptf92ueyowam,8jhok49ioq2z1qey83axiz,824124675186193,364655151656009,48.82758299993,2.3931826000362,48.827602,2.393137
9ax8up9b5cptf92ueyowam,8jhok49ioq2z1qey83axiz,1217582005322662,364655151656009,48.82758299993,2.393191,48.827602,2.393137
9ax8up9b5cptf92ueyowam,8jhok49ioq2z1qey83axiz,878094042788934,364655151656009,48.82758299993,2.3932044999796,48.827602,2.393137
9ax8up9b5cptf92ueyowam,8jhok49ioq2z1qey83axiz,1433029343727854,982232532609019,48.82758299993,2.393218,48.827618,2.393271
9ax8up9b5cptf92ueyowam,8jhok49ioq2z1qey83axiz,314369596721549,982232532609019,48.827590999913,2.393275,48.827618,2.393271
9ax8up9b5cptf92ueyowam,8jhok49ioq2z1qey83axiz,793109561596007,982232532609019,48.827595,2.393318,48.827618,2.393271
9ax8up9b5cptf92ueyowam,8jhok49ioq2z1qey83axiz,516762319490407,164461872270569,48.827606,2.393384,48.827637000101,2.393431
9ax8up9b5cptf92ueyowam,8jhok49ioq2z1qey83axiz,823287058564089,164461872270569,48.827618,2.393452,48.827637000101,2.393431
9ax8up9b5cptf92ueyowam,8jhok49ioq2z1qey83axiz,781706785794935,520411515629459,48.827625,2.393537,48.82766,2.39362
9ax8up9b5cptf92ueyowam,8jhok49ioq2z1qey83axiz,891457311639425,520411515629459,48.827637000101,2.393623,48.82766,2.39362
9ax8up9b5cptf92ueyowam,8jhok49ioq2z1qey83axiz,179519074027683,520411515629459,48.827648,2.393704,48.82766,2.39362
9ax8up9b5cptf92ueyowam,8jhok49ioq2z1qey83axiz,940731726688253,1343177732732862,48.827663,2.393804,48.827682,2.393816
9ax8up9b5cptf92ueyowam,8jhok49ioq2z1qey83axiz,776538496389308,1343177732732862,48.827675,2.393914,48.827682,2.393816
9ax8up9b5cptf92ueyowam,8jhok49ioq2z1qey83axiz,473093931090853,214308950162229,48.827694,2.394052,48.827705,2.3940209999081
9ax8up9b5cptf92ueyowam,8jhok49ioq2z1qey83axiz,965890020844932,308247700658880,48.827717,2.394248,48.827732,2.394244
9ax8up9b5cptf92ueyowam,8jhok49ioq2z1qey83axiz,449601942757187,864225941142585,48.82774,2.394454,48.827762999908,2.394494
9ax8up9b5cptf92ueyowam,8jhok49ioq2z1qey83axiz,1328769264167926,2922206944728725,48.827766,2.39465,48.827793,2.394757
9ax8up9b5cptf92ueyowam,8jhok49ioq2z1qey83axiz,502436757550536,2922206944728725,48.827789,2.394848,48.827793,2.394757
9ax8up9b5cptf92ueyowam,8jhok49ioq2z1qey83axiz,895487067664636,6341041595921399,48.827827,2.395099,48.827835,2.395043
9ax8up9b5cptf92ueyowam,8jhok49ioq2z1qey83axiz,1811719472335192,315236133291024,48.827873,2.3953869999031,48.827885,2.395354
9ax8up9b5cptf92ueyowam,8jhok49ioq2z1qey83axiz,933554120804277,132367612212366,48.82793,2.395655,48.827953000075,2.395681
9ax8up9b5cptf92ueyowam,8jhok49ioq2z1qey83axiz,514132529604805,477159630263642,48.827984,2.395905,48.828026,2.396008
9ax8up9b5cptf92ueyowam,8jhok49ioq2z1qey83axiz,605962584131800,477159630263642,48.828045,2.3961709999182,48.828026,2.396008
9ax8up9b5cptf92ueyowam,8jhok49ioq2z1qey83axiz,207020457638496,182827527026647,48.828106,2.396442,48.828098,2.396321
9ax8up9b5cptf92ueyowam,8jhok49ioq2z1qey83axiz,213449223576239,1122963231542084,48.828178,2.396752,48.82819,2.396732
9ax8up9b5cptf92ueyowam,8jhok49ioq2z1qey83axiz,333691661588322,473005007147262,48.828251,2.39706,48.828259,2.397014
9ax8up9b5cptf92ueyowam,8jhok49ioq2z1qey83axiz,489755432446201,465537087844932,48.828323,2.397388999889,48.828354,2.397426
9ax8up9b5cptf92ueyowam,8jhok49ioq2z1qey83axiz,852566388942939,817721765526921,48.828396,2.397705,48.828396,2.397602
9ax8up9b5cptf92ueyowam,8jhok49ioq2z1qey83axiz,460367235267404,933852040708166,48.828472,2.398048,48.828503,2.398063
9ax8up9b5cptf92ueyowam,8jhok49ioq2z1qey83axiz,823287474958774,210310880646434,48.828548,2.398387,48.828571,2.398368
9ax8up9b5cptf92ueyowam,8jhok49ioq2z1qey83axiz,303382297957811,203584791380587,48.828629,2.398744,48.82864,2.398679
9ax8up9b5cptf92ueyowam,8jhok49ioq2z1qey83axiz,511804396508498,530171528359859,48.828705,2.399089,48.828716,2.399004
9ax8up9b5cptf92ueyowam,8jhok49ioq2z1qey83axiz,492951578712820,388060422311486,48.828781,2.399411,48.828796,2.39935
9ax8up9b5cptf92ueyowam,8jhok49ioq2z1qey83axiz,193814069227006,157529779708616,48.828857,2.399682,48.828899000112,2.399708
9ax8up9b5cptf92ueyowam,8jhok49ioq2z1qey83axiz,177718344244627,157529779708616,48.828922,2.399904,48.828899000112,2.399708
9ax8up9b5cptf92ueyowam,8jhok49ioq2z1qey83axiz,329300648585255,226523375902076,48.828976,2.400058,48.829023499886,2.4000645
9ax8up9b5cptf92ueyowam,8jhok49ioq2z1qey83axiz,1143176089442183,226523375902076,48.829018,2.400187,48.829023499886,2.4000645
9ax8up9b5cptf92ueyowam,8jhok49ioq2z1qey83axiz,877500272828777,370834904298709,48.82906,2.4003,48.829166,2.40042
9ax8up9b5cptf92ueyowam,8jhok49ioq2z1qey83axiz,893541854542862,370834904298709,48.829098,2.400392,48.829166,2.40042
9ax8up9b5cptf92ueyowam,8jhok49ioq2z1qey83axiz,161051085940066,370834904298709,48.829132,2.400473,48.829166,2.40042
9ax8up9b5cptf92ueyowam,8jhok49ioq2z1qey83axiz,490907658770379,370834904298709,48.829166,2.400561,48.829166,2.40042
9ax8up9b5cptf92ueyowam,8jhok49ioq2z1qey83axiz,1051353258975587,370834904298709,48.829205,2.40065,48.829166,2.40042
9ax8up9b5cptf92ueyowam,8jhok49ioq2z1qey83axiz,829677794299130,286446039808033,48.829247,2.400741,48.829342,2.400787
9ax8up9b5cptf92ueyowam,8jhok49ioq2z1qey83axiz,1444673439208231,286446039808033,48.829296,2.400839,48.829342,2.400787
9ax8up9b5cptf92ueyowam,8jhok49ioq2z1qey83axiz,523174988702229,286446039808033,48.829330500123,2.4009215,48.829342,2.400787
9ax8up9b5cptf92ueyowam,8jhok49ioq2z1qey83axiz,4629080497108437,286446039808033,48.829369,2.401,48.829342,2.400787
9ax8up9b5cptf92ueyowam,8jhok49ioq2z1qey83axiz,1391984861159565,214586900143956,48.829411,2.401081,48.829548,2.401145
9ax8up9b5cptf92ueyowam,8jhok49ioq2z1qey83axiz,370794304257787,214586900143956,48.829453,2.401158,48.829548,2.401145
9ax8up9b5cptf92ueyowam,8jhok49ioq2z1qey83axiz,1090381951454110,214586900143956,48.829494,2.401232,48.829548,2.401145
9ax8up9b5cptf92ueyowam,8jhok49ioq2z1qey83axiz,479428413277198,214586900143956,48.82954,2.401305,48.829548,2.401145
9ax8up9b5cptf92ueyowam,8jhok49ioq2z1qey83axiz,138242388282919,214586900143956,48.829581390032,2.4013656100002,48.829548,2.401145
9ax8up9b5cptf92ueyowam,8jhok49ioq2z1qey83axiz,511926196611399,3899496806827254,48.829622790005,2.4014262099974,48.829773,2.40149
9ax8up9b5cptf92ueyowam,8jhok49ioq2z1qey83axiz,3185252635038929,3899496806827254,48.829664179997,2.4014868199958,48.829773,2.40149
9ax8up9b5cptf92ueyowam,8jhok49ioq2z1qey83axiz,214903596729477,3899496806827254,48.829705580029,2.4015474199991,48.829773,2.40149
9ax8up9b5cptf92ueyowam,8jhok49ioq2z1qey83axiz,597522401207960,3899496806827254,48.829746969985,2.401608029999,48.829773,2.40149
9ax8up9b5cptf92ueyowam,8jhok49ioq2z1qey83axiz,788428108481407,3899496806827254,48.82978836,2.4016686400149,48.829773,2.40149
9ax8up9b5cptf92ueyowam,8jhok49ioq2z1qey83axiz,301264111411308,3899496806827254,48.829829759978,2.4017292399948,48.829773,2.40149
9ax8up9b5cptf92ueyowam,8jhok49ioq2z1qey83axiz,842039423065229,460589625229631,48.829871149943,2.4017898500039,48.830002,2.401819
9ax8up9b5cptf92ueyowam,8jhok49ioq2z1qey83axiz,1806813826140459,460589625229631,48.829912550005,2.4018504499958,48.830002,2.401819
9ax8up9b5cptf92ueyowam,8jhok49ioq2z1qey83axiz,145590530852713,460589625229631,48.829953939909,2.4019110599962,48.830002,2.401819
9ax8up9b5cptf92ueyowam,8jhok49ioq2z1qey83axiz,4317393574959909,460589625229631,48.829995330012,2.4019716700057,48.830002,2.401819
9ax8up9b5cptf92ueyowam,8jhok49ioq2z1qey83axiz,296305162090869,460589625229631,48.830036730018,2.4020322700047,48.830002,2.401819
9ax8up9b5cptf92ueyowam,8jhok49ioq2z1qey83axiz,363910181732080,222200709245207,48.830078119956,2.4020928800197,48.830193000084,2.40212
9ax8up9b5cptf92ueyowam,8jhok49ioq2z1qey83axiz,735780553756940,222200709245207,48.83011952003,2.4021534799834,48.830193000084,2.40212
9ax8up9b5cptf92ueyowam,8jhok49ioq2z1qey83axiz,203748471389030,222200709245207,48.830160909974,2.4022140900011,48.830193000084,2.40212
9ax8up9b5cptf92ueyowam,8jhok49ioq2z1qey83axiz,218332696330629,222200709245207,48.830202299968,2.4022747000035,48.830193000084,2.40212
9ax8up9b5cptf92ueyowam,8jhok49ioq2z1qey83axiz,915335342638449,491877095577451,48.830284,2.402393,48.830399,2.402431
9ax8up9b5cptf92ueyowam,8jhok49ioq2z1qey83axiz,137672778334276,491877095577451,48.830399,2.402556,48.830399,2.402431
9ax8up9b5cptf92ueyowam,8jhok49ioq2z1qey83axiz,1979037075567767,938231873590122,48.830536,2.40276,48.830593,2.402735
9ax8up9b5cptf92ueyowam,8jhok49ioq2z1qey83axiz,256966786165497,494918691849008,48.830669000099,2.402961,48.830776,2.40302
9ax8up9b5cptf92ueyowam,8jhok49ioq2z1qey83axiz,912001042927224,494918691849008,48.830811,2.403188,48.830776,2.40302
9ax8up9b5cptf92ueyowam,8jhok49ioq2z1qey83axiz,3972596326109777,480371313281300,48.830948,2.403415,48.830944,2.403285
9ax8up9b5cptf92ueyowam,8jhok49ioq2z1qey83axiz,149147427161356,250138293527126,48.831089,2.40364,48.8311,2.403548
9ax8up9b5cptf92ueyowam,8jhok49ioq2z1qey83axiz,2925907031015541,2586272384999012,48.831226,2.403882,48.831249,2.403806
9ax8up9b5cptf92ueyowam,8jhok49ioq2z1qey83axiz,191199182846326,261949952333810,48.831375,2.404132,48.831402,2.404065
9ax8up9b5cptf92ueyowam,8jhok49ioq2z1qey83axiz,922425188592260,296101375337175,48.831535,2.404406,48.831554,2.404326
9ax8up9b5cptf92ueyowam,8jhok49ioq2z1qey83axiz,343924433731743,513914246640604,48.831703,2.404697,48.831721270011,2.404610910031
9ax8up9b5cptf92ueyowam,8jhok49ioq2z1qey83axiz,487963672545572,798820677724632,48.83187,2.4049823799985,48.831887820023,2.4048987299868
9ax8up9b5cptf92ueyowam,8jhok49ioq2z1qey83axiz,294056028856291,163715135676789,48.832036,2.40526112999,48.832054359983,2.405186549977
9ax8up9b5cptf92ueyowam,8jhok49ioq2z1qey83axiz,301559161528908,234503175139665,48.832202,2.4055398699521,48.832220909886,2.4054743599958
9ax8up9b5cptf92ueyowam,8jhok49ioq2z1qey83axiz,176900307620847,212478650384327,48.832368,2.4058186199899,48.832387449892,2.4057621799652
9ax8up9b5cptf92ueyowam,8jhok49ioq2z1qey83axiz,1424480721229322,211694617156172,48.832539,2.4061,48.832554,2.40605
9ax8up9b5cptf92ueyowam,8jhok49ioq2z1qey83axiz,907722069804974,2809031452697740,48.832676,2.406351,48.83271,2.40634
9ax8up9b5cptf92ueyowam,8jhok49ioq2z1qey83axiz,248152423650933,304253394528699,48.832808999901,2.406574,48.83284,2.40655
9ax8up9b5cptf92ueyowam,8jhok49ioq2z1qey83axiz,739287336751033,297189045189888,48.832924,2.406776,48.833033100029,2.4069386000067
9ax8up9b5cptf92ueyowam,8jhok49ioq2z1qey83axiz,1380515228998617,297189045189888,48.833012,2.406939,48.833033100029,2.4069386000067
9ax8up9b5cptf92ueyowam,8jhok49ioq2z1qey83axiz,761561761208637,3786218288168204,48.833084,2.407088,48.833099,2.407113
9ax8up9b5cptf92ueyowam,8jhok49ioq2z1qey83axiz,213569303547711,302786001376332,48.833140999866,2.407213,48.833134,2.407183
9ax8up9b5cptf92ueyowam,8jhok49ioq2z1qey83axiz,848336109362358,3899873146776972,48.833195,2.407331,48.833182999887,2.407288
9ax8up9b5cptf92ueyowam,8jhok49ioq2z1qey83axiz,2079143382226828,2983368991899367,48.833262999842,2.407486,48.833248,2.407425
9ax8up9b5cptf92ueyowam,8jhok49ioq2z1qey83axiz,296209492125599,2983368991899367,48.833282,2.407532999932,48.833248,2.407425
9ax8up9b5cptf92ueyowam,8jhok49ioq2z1qey83axiz,783778785666835,460052651758608,48.833321000112,2.407628,48.833336,2.407625
9ax8up9b5cptf92ueyowam,8jhok49ioq2z1qey83axiz,517537399264221,460052651758608,48.833355,2.407722,48.833336,2.407625
9ax8up9b5cptf92ueyowam,8jhok49ioq2z1qey83axiz,1490130991324247,263547782118755,48.833393,2.407815,48.833427,2.407861
9ax8up9b5cptf92ueyowam,8jhok49ioq2z1qey83axiz,170982521576003,263547782118755,48.833424,2.407897,48.833427,2.407861
9ax8up9b5cptf92ueyowam,8jhok49ioq2z1qey83axiz,3755847087859336,263547782118755,48.833447,2.407961,48.833427,2.407861
9ax8up9b5cptf92ueyowam,8jhok49ioq2z1qey83axiz,3117127815238803,1738348386352126,48.833473,2.408029,48.833538,2.408158
9ax8up9b5cptf92ueyowam,8jhok49ioq2z1qey83axiz,2036822569814463,1738348386352126,48.833515,2.408139,48.833538,2.408158
9ax8up9b5cptf92ueyowam,8jhok49ioq2z1qey83axiz,797398337849848,1738348386352126,48.833569,2.408305,48.833538,2.408158
9ax8up9b5cptf92ueyowam,8jhok49ioq2z1qey83axiz,1780170168829812,240761474464675,48.833637,2.408494,48.833649,2.408474
9ax8up9b5cptf92ueyowam,8jhok49ioq2z1qey83axiz,206778931003706,566420108051398,48.8337103,2.4086771300448,48.833767,2.408816
9ax8up9b5cptf92ueyowam,8jhok49ioq2z1qey83axiz,315298113295552,566420108051398,48.833783609999,2.4088602599814,48.833767,2.408816
9ax8up9b5cptf92ueyowam,8jhok49ioq2z1qey83axiz,813047665998126,935672157184114,48.83385691,2.4090433900025,48.833893,2.409177
9ax8up9b5cptf92ueyowam,8jhok49ioq2z1qey83axiz,897107607810158,935672157184114,48.833930219996,2.4092265200078,48.833893,2.409177
9ax8up9b5cptf92ueyowam,8jhok49ioq2z1qey83axiz,282924113516433,533657101133292,48.834003520003,2.4094096499746,48.83403325,2.4095441300514
9ax8up9b5cptf92ueyowam,8jhok49ioq2z1qey83axiz,2974115726211269,533657101133292,48.834076830006,2.4095927799638,48.83403325,2.4095441300514
9ax8up9b5cptf92ueyowam,8jhok49ioq2z1qey83axiz,1652239901631014,1243625562706696,48.834150129999,2.4097759099991,48.83418375,2.4099103800006
9ax8up9b5cptf92ueyowam,8jhok49ioq2z1qey83axiz,1392039647823075,1243625562706696,48.83422343,2.4099590400369,48.83418375,2.4099103800006
9ax8up9b5cptf92ueyowam,8jhok49ioq2z1qey83axiz,799321087665328,300751301526030,48.834296739993,2.4101421699993,48.834334249995,2.4102766199993
9ax8up9b5cptf92ueyowam,8jhok49ioq2z1qey83axiz,764042607590183,300751301526030,48.83437004,2.4103253000099,48.834334249995,2.4102766199993
9ax8up9b5cptf92ueyowam,8jhok49ioq2z1qey83axiz,222083523020531,300830888354764,48.834443350003,2.4105084299262,48.834484750007,2.4106428700688
9ax8up9b5cptf92ueyowam,8jhok49ioq2z1qey83axiz,368759254488390,300830888354764,48.834515,2.410648,48.834484750007,2.4106428700688
9ax8up9b5cptf92ueyowam,8jhok49ioq2z1qey83axiz,163078752404680,300830888354764,48.834579,2.410779,48.834484750007,2.4106428700688
9ax8up9b5cptf92ueyowam,8jhok49ioq2z1qey83axiz,143156694439046,1821974737983943,48.834629,2.410894,48.834633,2.4109790000919
9ax8up9b5cptf92ueyowam,8jhok49ioq2z1qey83axiz,749478242289113,1821974737983943,48.834648,2.410935,48.834633,2.4109790000919
9ax8up9b5cptf92ueyowam,8jhok49ioq2z1qey83axiz,3577505345807029,1821974737983943,48.834652,2.410948,48.834633,2.4109790000919
9ax8up9b5cptf92ueyowam,8jhok49ioq2z1qey83axiz,182786110371257,1821974737983943,48.834654669997,2.4109526699029,48.834633,2.4109790000919
9ax8up9b5cptf92ueyowam,8jhok49ioq2z1qey83axiz,1142834352813662,1821974737983943,48.834657330009,2.4109573299535,48.834633,2.4109790000919
9ax8up9b5cptf92ueyowam,8jhok49ioq2z1qey83axiz,4439000852786279,1821974737983943,48.83466,2.410962,48.834633,2.4109790000919
9ax8up9b5cptf92ueyowam,8jhok49ioq2z1qey83axiz,209567977437821,1821974737983943,48.834686,2.411005,48.834633,2.4109790000919
9ax8up9b5cptf92ueyowam,8jhok49ioq2z1qey83axiz,296965161872935,1821974737983943,48.834732,2.411069,48.834633,2.4109790000919
9ax8up9b5cptf92ueyowam,8jhok49ioq2z1qey83axiz,511816626508870,3043260435950163,48.834766,2.411122,48.834816,2.411234
9ax8up9b5cptf92ueyowam,8jhok49ioq2z1qey83axiz,197699128839792,3043260435950163,48.834824,2.411189,48.834816,2.411234
9ax8up9b5cptf92ueyowam,8jhok49ioq2z1qey83axiz,1007224990047764,3043260435950163,48.834892,2.411279,48.834816,2.411234
9ax8up9b5cptf92ueyowam,8jhok49ioq2z1qey83axiz,369179354456578,1063210217538907,48.834969,2.411371,48.834984,2.411458
9ax8up9b5cptf92ueyowam,8jhok49ioq2z1qey83axiz,960046798114297,1063210217538907,48.835037,2.411464,48.834984,2.411458
9ax8up9b5cptf92ueyowam,8jhok49ioq2z1qey83axiz,473966590588388,962820771206291,48.835148,2.41158,48.835159,2.411633
9ax8up9b5cptf92ueyowam,8jhok49ioq2z1qey83axiz,299344118391699,806052780047226,48.83527,2.4117,48.835312,2.411775
9ax8up9b5cptf92ueyowam,8jhok49ioq2z1qey83axiz,794569028108139,806052780047226,48.835377,2.411818,48.835312,2.411775
9ax8up9b5cptf92ueyowam,8jhok49ioq2z1qey83axiz,1120051525161007,782777825958065,48.835514,2.411932,48.835457,2.411918
9ax8up9b5cptf92ueyowam,8jhok49ioq2z1qey83axiz,1465286403812308,1138443619970587,48.835663,2.412053,48.835697,2.412101
9ax8up9b5cptf92ueyowam,8jhok49ioq2z1qey83axiz,262039505606422,460569405022648,48.835808,2.412156,48.835777,2.412144
9ax8up9b5cptf92ueyowam,8jhok49ioq2z1qey83axiz,531982334469962,1479791082372795,48.835976,2.412254,48.835922,2.412229
9ax8up9b5cptf92ueyowam,8jhok49ioq2z1qey83axiz,486586816093566,896533014528047,48.836151,2.412338,48.836166,2.4123309999314
9ax8up9b5cptf92ueyowam,8jhok49ioq2z1qey83axiz,295512795484926,557879648515389,48.836346,2.412425,48.836361,2.412405
9ax8up9b5cptf92ueyowam,8jhok49ioq2z1qey83axiz,275256024249021,1118128885353391,48.836544,2.412503,48.836544,2.412474
9ax8up9b5cptf92ueyowam,8jhok49ioq2z1qey83axiz,536199107766387,782331446009169,48.836739,2.412571,48.836689,2.41252
9ax8up9b5cptf92ueyowam,8jhok49ioq2z1qey83axiz,975083349899649,289549569541348,48.836918,2.412636,48.836876,2.4125830001212
9ax8up9b5cptf92ueyowam,8jhok49ioq2z1qey83axiz,458463471889464,477442607009556,48.837112,2.4127,48.837097,2.41266
9ax8up9b5cptf92ueyowam,8jhok49ioq2z1qey83axiz,311182653862116,1459463057719384,48.837311,2.412767,48.837337,2.41274
9ax8up9b5cptf92ueyowam,8jhok49ioq2z1qey83axiz,843086016308287,579587909624574,48.837502,2.412832,48.837593,2.412824
9ax8up9b5cptf92ueyowam,8jhok49ioq2z1qey83axiz,141857961181294,579587909624574,48.837692,2.41289,48.837593,2.412824
9ax8up9b5cptf92ueyowam,8jhok49ioq2z1qey83axiz,294144752206264,2960320060891875,48.837891,2.4129610000673,48.837841,2.4129064999664
9ax8up9b5cptf92ueyowam,8jhok49ioq2z1qey83axiz,305583067838337,215424973373362,48.838081,2.413021,48.838078,2.412982
9ax8up9b5cptf92ueyowam,8jhok49ioq2z1qey83axiz,330251485200724,546327210074424,48.83828,2.4130829998974,48.838322,2.413055
9ax8up9b5cptf92ueyowam,8jhok49ioq2z1qey83axiz,149998987088578,330988671703271,48.838467,2.4131369998761,48.838562,2.413122
9ax8up9b5cptf92ueyowam,8jhok49ioq2z1qey83axiz,1155068878251597,330988671703271,48.838661,2.413191,48.838562,2.413122
9ax8up9b5cptf92ueyowam,8jhok49ioq2z1qey83axiz,511762823311253,773149243396257,48.838856,2.413245,48.838787,2.413188
9ax8up9b5cptf92ueyowam,8jhok49ioq2z1qey83axiz,778262189724862,2844602189134827,48.839046,2.413301,48.839005,2.413251
9ax8up9b5cptf92ueyowam,8jhok49ioq2z1qey83axiz,289674119485105,845432196068939,48.839218,2.413347,48.839211,2.4133130001312
9ax8up9b5cptf92ueyowam,8jhok49ioq2z1qey83axiz,472257583986447,491657725415037,48.839378,2.413394,48.839413,2.413373
9ax8up9b5cptf92ueyowam,8jhok49ioq2z1qey83axiz,747451489260510,828726347731503,48.839527,2.413437000123,48.839615,2.413432
9ax8up9b5cptf92ueyowam,8jhok49ioq2z1qey83axiz,158626426192151,828726347731503,48.839672,2.4134790000919,48.839615,2.413432
9ax8up9b5cptf92ueyowam,8jhok49ioq2z1qey83axiz,138052941571510,506120990429815,48.839817,2.413527,48.839825,2.413491
9ax8up9b5cptf92ueyowam,8jhok49ioq2z1qey83axiz,219805036259300,295039045457755,48.839958,2.413572,48.840065,2.413549
9ax8up9b5cptf92ueyowam,8jhok49ioq2z1qey83axiz,1156575118123268,295039045457755,48.840103,2.413599,48.840065,2.413549
9ax8up9b5cptf92ueyowam,8jhok49ioq2z1qey83axiz,979946839076996,287302663030186,48.840252,2.413629,48.840332,2.413604
9ax8up9b5cptf92ueyowam,8jhok49ioq2z1qey83axiz,775015516741061,287302663030186,48.840389,2.413652,48.840332,2.413604
9ax8up9b5cptf92ueyowam,8jhok49ioq2z1qey83axiz,376402016942730,954717785288247,48.840515,2.413673,48.840595,2.413647
9ax8up9b5cptf92ueyowam,8jhok49ioq2z1qey83axiz,364477925311064,954717785288247,48.840637000069,2.413695,48.840595,2.413647
9ax8up9b5cptf92ueyowam,8jhok49ioq2z1qey83axiz,3679945868782629,379150919978625,48.840755,2.413713,48.840855,2.41368
9ax8up9b5cptf92ueyowam,8jhok49ioq2z1qey83axiz,4108971849194911,379150919978625,48.84087,2.413725,48.840855,2.41368
9ax8up9b5cptf92ueyowam,8jhok49ioq2z1qey83axiz,320344423020870,569708857332796,48.841,2.413732,48.841106,2.413702
9ax8up9b5cptf92ueyowam,8jhok49ioq2z1qey83axiz,314214340277275,569708857332796,48.841145,2.413743,48.841106,2.413702
9ax8up9b5cptf92ueyowam,8jhok49ioq2z1qey83axiz,2607199909573731,298708295199075,48.841293,2.413754,48.841347,2.413723
9ax8up9b5cptf92ueyowam,8jhok49ioq2z1qey83axiz,323003859344690,298708295199075,48.84145,2.4137709998841,48.841347,2.413723
9ax8up9b5cptf92ueyowam,8jhok49ioq2z1qey83axiz,1186450405148605,2580346652271447,48.841621,2.41378,48.841583,2.413741
9ax8up9b5cptf92ueyowam,8jhok49ioq2z1qey83axiz,901780907279719,2945731482413397,48.841816,2.413799,48.84182,2.41376
9ax8up9b5cptf92ueyowam,8jhok49ioq2z1qey83axiz,1661855957341466,233645431846353,48.84201,2.413817,48.842056,2.413775
9ax8up9b5cptf92ueyowam,8jhok49ioq2z1qey83axiz,1804170713097800,480661279700808,48.842205,2.413834,48.8423,2.413794
9ax8up9b5cptf92ueyowam,8jhok49ioq2z1qey83axiz,4017276328315457,480661279700808,48.842407,2.41385,48.8423,2.413794
9ax8up9b5cptf92ueyowam,8jhok49ioq2z1qey83axiz,747366732604085,449186932847167,48.842602,2.413867,48.842548,2.413812
9ax8up9b5cptf92ueyowam,8jhok49ioq2z1qey83axiz,131452738920424,937271890383988,48.842793,2.413883,48.842804,2.413831
9ax8up9b5cptf92ueyowam,8jhok49ioq2z1qey83axiz,1143486699408892,836154050317076,48.842964,2.413898,48.843094,2.413852
9ax8up9b5cptf92ueyowam,8jhok49ioq2z1qey83axiz,472795780503069,836154050317076,48.843204,2.413922,48.843094,2.413852
9ax8up9b5cptf92ueyowam,8jhok49ioq2z1qey83axiz,731686397509578,128525979234291,48.843277,2.41393,48.843388,2.413883
9ax8up9b5cptf92ueyowam,8jhok49ioq2z1qey83axiz,221502606408184,128525979234291,48.84343,2.413948,48.843388,2.413883
9ax8up9b5cptf92ueyowam,8jhok49ioq2z1qey83axiz,1110534009413057,2712585688962161,48.843582,2.413971,48.843674,2.413929
9ax8up9b5cptf92ueyowam,8jhok49ioq2z1qey83axiz,174786681176862,2712585688962161,48.84375,2.414,48.843674,2.413929
9ax8up9b5cptf92ueyowam,8jhok49ioq2z1qey83axiz,785066175476860,191221752725570,48.843922,2.414034,48.84396,2.413985
9ax8up9b5cptf92ueyowam,8jhok49ioq2z1qey83axiz,301254601632477,475274920419476,48.844112,2.414074,48.844242,2.414045
9ax8up9b5cptf92ueyowam,8jhok49ioq2z1qey83axiz,1160523074437369,475274920419476,48.844292,2.414111,48.844242,2.414045
9ax8up9b5cptf92ueyowam,8jhok49ioq2z1qey83axiz,989340578137146,4131292183593591,48.844471,2.414147,48.844521,2.414102
9ax8up9b5cptf92ueyowam,8jhok49ioq2z1qey83axiz,459786821977359,3684086625150511,48.844658,2.414189,48.844788,2.414154
9ax8up9b5cptf92ueyowam,8jhok49ioq2z1qey83axiz,378870760081616,3684086625150511,48.844868,2.414233,48.844788,2.414154
9ax8up9b5cptf92ueyowam,8jhok49ioq2z1qey83axiz,855606141712794,3804612366260164,48.845085,2.414278,48.845036,2.414205
9ax8up9b5cptf92ueyowam,8jhok49ioq2z1qey83axiz,931829124247819,919925582177047,48.845306,2.414328,48.84528,2.414256
9ax8up9b5cptf92ueyowam,8jhok49ioq2z1qey83axiz,310948067088728,348576533304372,48.845740999922,2.414415,48.845776,2.414358
9ax8up9b5cptf92ueyowam,8jhok49ioq2z1qey83axiz,5677500852292460,739906860033708,48.84597,2.414465,48.846012,2.414408
9ax8up9b5cptf92ueyowam,8jhok49ioq2z1qey83axiz,4096136887092729,295258908840011,48.846226,2.414515,48.846241,2.414457
9ax8up9b5cptf92ueyowam,8jhok49ioq2z1qey83axiz,298810421686446,475839636868026,48.84647,2.4145669999123,48.846439,2.414498
9ax8up9b5cptf92ueyowam,8jhok49ioq2z1qey83axiz,2587494538211226,291389905943455,48.846714,2.414616,48.846741,2.414556
9ax8up9b5cptf92ueyowam,8jhok49ioq2z1qey83axiz,1746299782219290,868576037057838,48.846928,2.414663,48.846909,2.414595
9ax8up9b5cptf92ueyowam,8jhok49ioq2z1qey83axiz,219371629636710,1227349934347503,48.847137,2.414705,48.847095,2.414634
9ax8up9b5cptf92ueyowam,8jhok49ioq2z1qey83axiz,793295344940740,161450859152519,48.84734,2.4147509999024,48.847439,2.414708
9ax8up9b5cptf92ueyowam,8jhok49ioq2z1qey83axiz,526470288353262,977882196349325,48.847527,2.414792,48.847511,2.414725
9ax8up9b5cptf92ueyowam,8jhok49ioq2z1qey83axiz,493002921894986,131768888896761,48.847717,2.414828,48.847694,2.414764
9ax8up9b5cptf92ueyowam,8jhok49ioq2z1qey83axiz,876800302876860,381373903060688,48.847922999882,2.414862,48.847908,2.414812
9ax8up9b5cptf92ueyowam,8jhok49ioq2z1qey83axiz,982134792534342,156546946473240,48.848122,2.414901,48.848140999866,2.414858
9ax8up9b5cptf92ueyowam,8jhok49ioq2z1qey83axiz,504545850735470,496077125068377,48.848324,2.414935,48.848389,2.414914
9ax8up9b5cptf92ueyowam,8jhok49ioq2z1qey83axiz,4458934700785226,3039022449659963,48.848522,2.414977,48.848625,2.41496
9ax8up9b5cptf92ueyowam,8jhok49ioq2z1qey83axiz,567711517524283,3039022449659963,48.848713000149,2.415016,48.848625,2.41496
9ax8up9b5cptf92ueyowam,8jhok49ioq2z1qey83axiz,455593415529344,761570591200253,48.848915,2.415056,48.848862,2.41501
9ax8up9b5cptf92ueyowam,8jhok49ioq2z1qey83axiz,4271537726198019,2835006163429250,48.849129,2.415104,48.849125,2.415065
9ax8up9b5cptf92ueyowam,8jhok49ioq2z1qey83axiz,920093378790927,954541548683581,48.849346,2.415152,48.849415,2.415124
9ax8up9b5cptf92ueyowam,8jhok49ioq2z1qey83axiz,4205810072770842,176881204309271,48.849583,2.415204,48.849712,2.415184
9ax8up9b5cptf92ueyowam,8jhok49ioq2z1qey83axiz,295923758852557,176881204309271,48.849826999915,2.4152569999193,48.849712,2.415184
9ax8up9b5cptf92ueyowam,8jhok49ioq2z1qey83axiz,3899196766841629,314781270023143,48.850063,2.4153090000806,48.849990999836,2.415243
9ax8up9b5cptf92ueyowam,8jhok49ioq2z1qey83axiz,1688428814682045,1386313231747828,48.850327,2.415361000148,48.850273,2.415299
9ax8up9b5cptf92ueyowam,8jhok49ioq2z1qey83axiz,545283133125063,805540780104633,48.850605,2.415404,48.85059,2.41535
9ax8up9b5cptf92ueyowam,8jhok49ioq2z1qey83axiz,371185717537650,837905077078931,48.850891,2.415422,48.850906,2.415365
9ax8up9b5cptf92ueyowam,8jhok49ioq2z1qey83axiz,212048787139704,240923697786301,48.851196,2.415405,48.851215,2.415334
9ax8up9b5cptf92ueyowam,8jhok49ioq2z1qey83axiz,941389183349865,878840396358217,48.851501,2.415334,48.851521,2.415258
9ax8up9b5cptf92ueyowam,8jhok49ioq2z1qey83axiz,160409789335999,3931518306940039,48.851803,2.4152230001297,48.851814,2.41514
9ax8up9b5cptf92ueyowam,8jhok49ioq2z1qey83axiz,523829092308624,198628878605282,48.852077,2.4150830001212,48.852108,2.414988
9ax8up9b5cptf92ueyowam,8jhok49ioq2z1qey83axiz,1371899266499375,2030474513761557,48.852341,2.414939,48.852421,2.4148110001387
9ax8up9b5cptf92ueyowam,8jhok49ioq2z1qey83axiz,311345027185373,2030474513761557,48.852589,2.41481,48.852421,2.4148110001387
9ax8up9b5cptf92ueyowam,8jhok49ioq2z1qey83axiz,314139056838350,1059424731248715,48.85284,2.414685,48.852734,2.414626
9ax8up9b5cptf92ueyowam,8jhok49ioq2z1qey83axiz,873612053219523,145974830831996,48.853077,2.414555,48.853043,2.414469
9ax8up9b5cptf92ueyowam,8jhok49ioq2z1qey83axiz,1271754769906732,566882617635481,48.853317,2.414433,48.853352,2.41434
9ax8up9b5cptf92ueyowam,8jhok49ioq2z1qey83axiz,523707755455078,297652465025770,48.853554,2.414333,48.853645,2.414229
9ax8up9b5cptf92ueyowam,8jhok49ioq2z1qey83axiz,235369185039941,297652465025770,48.853783,2.414251,48.853645,2.414229
9ax8up9b5cptf92ueyowam,8jhok49ioq2z1qey83axiz,152027963530927,375571523705797,48.853985,2.414192,48.853928,2.414133
9ax8up9b5cptf92ueyowam,8jhok49ioq2z1qey83axiz,529171438256498,814346549203017,48.854168,2.414148,48.854198,2.414065
9ax8up9b5cptf92ueyowam,8jhok49ioq2z1qey83axiz,520842255576293,814346549203017,48.85434,2.414114,48.854198,2.414065
9ax8up9b5cptf92ueyowam,8jhok49ioq2z1qey83axiz,507681650391404,486909439057148,48.8545,2.414094,48.854488,2.414018
9ax8up9b5cptf92ueyowam,8jhok49ioq2z1qey83axiz,519500916098592,487287009140168,48.854652,2.414076,48.854782,2.414004
9ax8up9b5cptf92ueyowam,8jhok49ioq2z1qey83axiz,781765816098348,487287009140168,48.854797,2.414064,48.854782,2.414004
9ax8up9b5cptf92ueyowam,8jhok49ioq2z1qey83axiz,892199458003689,487287009140168,48.854923,2.414054,48.854782,2.414004
9ax8up9b5cptf92ueyowam,8jhok49ioq2z1qey83axiz,960465088057903,192518252707514,48.855045,2.414056,48.855217,2.414036
9ax8up9b5cptf92ueyowam,8jhok49ioq2z1qey83axiz,534399671299009,192518252707514,48.855164,2.41406,48.855217,2.414036
9ax8up9b5cptf92ueyowam,8jhok49ioq2z1qey83axiz,520267742308533,192518252707514,48.855282,2.414065,48.855217,2.414036
9ax8up9b5cptf92ueyowam,8jhok49ioq2z1qey83axiz,315522983313302,861879294366729,48.855423,2.414071,48.85535,2.414052
9ax8up9b5cptf92ueyowam,8jhok49ioq2z1qey83axiz,285504383240454,207970910903537,48.855583,2.414088,48.855614,2.414078
9ax8up9b5cptf92ueyowam,8jhok49ioq2z1qey83axiz,2536865809792517,922043538370572,48.855751,2.414105,48.855873,2.414102
9ax8up9b5cptf92ueyowam,8jhok49ioq2z1qey83axiz,145156544173480,922043538370572,48.855927,2.414123,48.855873,2.414102
9ax8up9b5cptf92ueyowam,8jhok49ioq2z1qey83axiz,2685991095027403,150884243710124,48.856079,2.414142,48.85611,2.414124
9ax8up9b5cptf92ueyowam,8jhok49ioq2z1qey83axiz,1916039595226362,932830707470528,48.856228,2.4141569998863,48.856342,2.414144
9ax8up9b5cptf92ueyowam,8jhok49ioq2z1qey83axiz,288704252961621,932830707470528,48.856384,2.414169,48.856342,2.414144
9ax8up9b5cptf92ueyowam,8jhok49ioq2z1qey83axiz,950665575761454,791295951521749,48.856567,2.414185,48.85656,2.414162
9ax8up9b5cptf92ueyowam,8jhok49ioq2z1qey83axiz,1079416055915335,133108045511772,48.85675,2.4141970000955,48.856762,2.414183
9ax8up9b5cptf92ueyowam,8jhok49ioq2z1qey83axiz,812272849699504,221819499283950,48.856934,2.4142170001258,48.856968,2.414208
9ax8up9b5cptf92ueyowam,8jhok49ioq2z1qey83axiz,966708477432783,321683756057401,48.857121,2.414246,48.857178,2.41425
9ax8up9b5cptf92ueyowam,8jhok49ioq2z1qey83axiz,1579944798867063,245279090710895,48.857307,2.414282,48.857376,2.414292
9ax8up9b5cptf92ueyowam,8jhok49ioq2z1qey83axiz,353776292746833,860020541527997,48.857506,2.414308,48.857582,2.414313
9ax8up9b5cptf92ueyowam,8jhok49ioq2z1qey83axiz,283620743502996,766570970674222,48.857708,2.414336,48.85778,2.414332
9ax8up9b5cptf92ueyowam,8jhok49ioq2z1qey83axiz,209516784031966,150309830395871,48.857914,2.414358,48.857983,2.4143530001253
9ax8up9b5cptf92ueyowam,8jhok49ioq2z1qey83axiz,161216859281353,758301648162549,48.858124,2.41438,48.858196,2.4143710000771
9ax8up9b5cptf92ueyowam,8jhok49ioq2z1qey83axiz,494196788468325,814497395840753,48.858364,2.414397,48.858421,2.414384
9ax8up9b5cptf92ueyowam,8jhok49ioq2z1qey83axiz,4488434074535004,1003086737098255,48.85862,2.414398,48.858646,2.414386
9ax8up9b5cptf92ueyowam,8jhok49ioq2z1qey83axiz,2884502168440503,468095690939333,48.85886,2.41439,48.858879,2.414375
9ax8up9b5cptf92ueyowam,8jhok49ioq2z1qey83axiz,523618642327574,758397998177317,48.859089,2.414375,48.859116,2.414362
9ax8up9b5cptf92ueyowam,8jhok49ioq2z1qey83axiz,416175306118971,966303444175860,48.85931,2.414356999913,48.859329,2.414342
9ax8up9b5cptf92ueyowam,8jhok49ioq2z1qey83axiz,212055953815270,1879643815536088,48.859509000094,2.4143290001293,48.859524,2.414317000113
9ax8up9b5cptf92ueyowam,8jhok49ioq2z1qey83axiz,1019589431909064,323110499227807,48.859695,2.414302,48.859695,2.414292
9ax8up9b5cptf92ueyowam,8jhok49ioq2z1qey83axiz,191964646093788,504853437318003,48.859875,2.414272,48.859833,2.414268
9ax8up9b5cptf92ueyowam,8jhok49ioq2z1qey83axiz,312658053830209,2920851601501164,48.860035,2.414247,48.859976,2.414247
9ax8up9b5cptf92ueyowam,8jhok49ioq2z1qey83axiz,920306972126572,1433942063611608,48.860195,2.414225,48.860165,2.4142170001258
9ax8up9b5cptf92ueyowam,8jhok49ioq2z1qey83axiz,777478396471860,228491299037489,48.860355,2.414198,48.860413,2.4141789998879
9ax8up9b5cptf92ueyowam,8jhok49ioq2z1qey83axiz,1197720834001443,228491299037489,48.860516,2.41417,48.860413,2.4141789998879
9ax8up9b5cptf92ueyowam,8jhok49ioq2z1qey83axiz,296077588671273,920221078757730,48.860695,2.414144,48.86068,2.414135
9ax8up9b5cptf92ueyowam,8jhok49ioq2z1qey83axiz,2958437637747127,1135687643562592,48.860976999933,2.4140990000862,48.860943,2.4140969998814
9ax8up9b5cptf92ueyowam,8jhok49ioq2z1qey83axiz,288218729647213,1135687643562592,48.861069,2.414083,48.860943,2.4140969998814
9ax8up9b5cptf92ueyowam,8jhok49ioq2z1qey83axiz,303979824519143,1630219740506118,48.861252,2.4140509998817,48.861198499966,2.41406
9ax8up9b5cptf92ueyowam,8jhok49ioq2z1qey83axiz,827808941237825,131514445681951,48.861443,2.414037,48.861458,2.414034
9ax8up9b5cptf92ueyowam,8jhok49ioq2z1qey83axiz,1051325285360626,775037029812797,48.861637,2.414033,48.861713000089,2.414025
9ax8up9b5cptf92ueyowam,8jhok49ioq2z1qey83axiz,4352173774815076,775037029812797,48.861832,2.414032,48.861713000089,2.414025
9ax8up9b5cptf92ueyowam,8jhok49ioq2z1qey83axiz,495614468251969,821725838752192,48.862048999904,2.414032,48.861961,2.414019
9ax8up9b5cptf92ueyowam,8jhok49ioq2z1qey83axiz,177644417561229,515099666158467,48.862278,2.4140389999035,48.862194,2.414022
9ax8up9b5cptf92ueyowam,8jhok49ioq2z1qey83axiz,2895175297389983,829624674620044,48.862518,2.4140509998817,48.862438,2.41403
9ax8up9b5cptf92ueyowam,8jhok49ioq2z1qey83axiz,612584046804837,2871085033162193,48.862766,2.414062999877,48.862675,2.41404
9ax8up9b5cptf92ueyowam,8jhok49ioq2z1qey83axiz,954635415349222,288595796227788,48.863152,2.414078,48.863165,2.41407
9ax8up9b5cptf92ueyowam,8jhok49ioq2z1qey83axiz,211042153932705,288595796227788,48.86327,2.4140869999232,48.863165,2.41407
9ax8up9b5cptf92ueyowam,8jhok49ioq2z1qey83axiz,375528917116992,274187150959221,48.863503,2.414111,48.8633975,2.4140904999775
9ax8up9b5cptf92ueyowam,8jhok49ioq2z1qey83axiz,310226763801825,365982151502291,48.86372,2.41418,48.863625,2.4141309998791
9ax8up9b5cptf92ueyowam,8jhok49ioq2z1qey83axiz,303501164612673,296115495425649,48.863941,2.414324,48.864037,2.414394
9ax8up9b5cptf92ueyowam,8jhok49ioq2z1qey83axiz,3842780479123460,296115495425649,48.864136,2.414519,48.864037,2.414394
9ax8up9b5cptf92ueyowam,8jhok49ioq2z1qey83axiz,524143365632368,1441222589564874,48.8643,2.414757,48.864258,2.414652
9ax8up9b5cptf92ueyowam,8jhok49ioq2z1qey83axiz,375950320381351,471347714086538,48.864433,2.415009,48.864440999902,2.414986
9ax8up9b5cptf92ueyowam,8jhok49ioq2z1qey83axiz,608614196768046,243311994112918,48.864559,2.415291,48.864601,2.415353
9ax8up9b5cptf92ueyowam,8jhok49ioq2z1qey83axiz,148861087211873,615528242737953,48.864685,2.415579,48.864758,2.41574
9ax8up9b5cptf92ueyowam,8jhok49ioq2z1qey83axiz,151300050278366,615528242737953,48.864806999916,2.415894,48.864758,2.41574
9ax8up9b5cptf92ueyowam,8jhok49ioq2z1qey83axiz,3015864205362806,477807290169728,48.864937,2.416233,48.86491,2.416133
9ax8up9b5cptf92ueyowam,8jhok49ioq2z1qey83axiz,486526136114853,467647754345695,48.865051,2.416612,48.865036,2.416528
9ax8up9b5cptf92ueyowam,8jhok49ioq2z1qey83axiz,493589281686061,974604959740655,48.865124,2.416987,48.865128,2.416943
9ax8up9b5cptf92ueyowam,8jhok49ioq2z1qey83axiz,941706556646312,158988329409555,48.865177,2.417388,48.865188999861,2.417386
9ax8up9b5cptf92ueyowam,8jhok49ioq2z1qey83axiz,374019520635000,522870959093482,48.865204,2.41779,48.865215,2.417852
9ax8up9b5cptf92ueyowam,8jhok49ioq2z1qey83axiz,280861807045556,195432682416126,48.865215,2.418178,48.86522300013,2.418248
9ax8up9b5cptf92ueyowam,8jhok49ioq2z1qey83axiz,685987595451657,827915467823429,48.865231,2.418562,48.865234,2.418494
9ax8up9b5cptf92ueyowam,8jhok49ioq2z1qey83axiz,800065070625156,162594465692941,48.865256999919,2.418981,48.865264200045,2.419042
9ax8up9b5cptf92ueyowam,8jhok49ioq2z1qey83axiz,1133861717125716,219031109622517,48.865318,2.419428,48.865299,2.419466
9ax8up9b5cptf92ueyowam,8jhok49ioq2z1qey83axiz,127935989362305,1366862787009537,48.865406,2.419901,48.865364,2.419892
9ax8up9b5cptf92ueyowam,8jhok49ioq2z1qey83axiz,526555391688113,789408318629479,48.865512999883,2.420396,48.865475,2.420443
9ax8up9b5cptf92ueyowam,8jhok49ioq2z1qey83axiz,492569915203954,544656563187266,48.86562,2.420872,48.865574,2.420853
9ax8up9b5cptf92ueyowam,8jhok49ioq2z1qey83axiz,526693904988859,211433817168123,48.865726,2.42132,48.865662,2.421235
9ax8up9b5cptf92ueyowam,8jhok49ioq2z1qey83axiz,944606569706166,181661073809994,48.865832999867,2.421774,48.865788,2.42179
9ax8up9b5cptf92ueyowam,8jhok49ioq2z1qey83axiz,4051588061569124,133854932104597,48.865936,2.422191,48.865882999858,2.422191
9ax8up9b5cptf92ueyowam,8jhok49ioq2z1qey83axiz,461957471547476,795123757789680,48.866035,2.422609,48.865978,2.422589
9ax8up9b5cptf92ueyowam,8jhok49ioq2z1qey83axiz,152605603475069,856218415237372,48.866131,2.423032,48.866051,2.422885
