w9e18WNtvRsxKL5noJ3fhI,oXcMxLCK3eGgDfH7tN8Qir,337695665439722,1403006243833530,50.8399069,4.3410094,50.8401544,4.3409461
w9e18WNtvRsxKL5noJ3fhI,oXcMxLCK3eGgDfH7tN8Qir,1044290306607468,1403006243833530,50.8399781,4.3409843,50.8401544,4.3409461
w9e18WNtvRsxKL5noJ3fhI,oXcMxLCK3eGgDfH7tN8Qir,854487802922906,1403006243833530,50.8400685,4.3409508,50.8401544,4.3409461
w9e18WNtvRsxKL5noJ3fhI,oXcMxLCK3eGgDfH7tN8Qir,709056504413542,1403006243833530,50.840168,4.340905,50.8401544,4.3409461
w9e18WNtvRsxKL5noJ3fhI,oXcMxLCK3eGgDfH7tN8Qir,1992176131146416,1279397292660395,50.8402697,4.3408744,50.84029,4.3408775
w9e18WNtvRsxKL5noJ3fhI,oXcMxLCK3eGgDfH7tN8Qir,297039663113538,231126202841623,50.8403863,4.3408535,50.840371,4.3408625
w9e18WNtvRsxKL5noJ3fhI,oXcMxLCK3eGgDfH7tN8Qir,366884955696313,1015199876111338,50.8405032,4.3408207,50.840541,4.3407907
w9e18WNtvRsxKL5noJ3fhI,oXcMxLCK3eGgDfH7tN8Qir,6187194408048415,1226876734869345,50.8406208,4.3407776,50.8406318,4.3407529
w9e18WNtvRsxKL5noJ3fhI,oXcMxLCK3eGgDfH7tN8Qir,931132228444160,1439224326615084,50.8407401,4.3407373,50.8407131,4.3407313
w9e18WNtvRsxKL5noJ3fhI,oXcMxLCK3eGgDfH7tN8Qir,996185288270277,178746171774868,50.8408658,4.3406914,50.8408709,4.3406774
w9e18WNtvRsxKL5noJ3fhI,oXcMxLCK3eGgDfH7tN8Qir,871730387699448,944236783588347,50.840987,4.3406365,50.8409751,4.3406374
w9e18WNtvRsxKL5noJ3fhI,oXcMxLCK3eGgDfH7tN8Qir,7454290264650014,3360711980836534,50.841094,4.340576,50.8411076,4.3405677
w9e18WNtvRsxKL5noJ3fhI,oXcMxLCK3eGgDfH7tN8Qir,1225725265496877,1570647250126090,50.8412112,4.3405278,50.8412135,4.3405072
w9e18WNtvRsxKL5noJ3fhI,oXcMxLCK3eGgDfH7tN8Qir,1398997710961554,987079746060169,50.841331,4.340488,50.8413227,4.3404675
w9e18WNtvRsxKL5noJ3fhI,oXcMxLCK3eGgDfH7tN8Qir,1269952830310085,677751890854124,50.8414458,4.3404449,50.8414419,4.3404203
w9e18WNtvRsxKL5noJ3fhI,oXcMxLCK3eGgDfH7tN8Qir,857208842803759,550123220570447,50.8415614,4.3404054,50.8415511,4.3403571
w9e18WNtvRsxKL5noJ3fhI,oXcMxLCK3eGgDfH7tN8Qir,317757794194056,630161938634187,50.8416438,4.3403816,50.8416143,4.3403084
w9e18WNtvRsxKL5noJ3fhI,oXcMxLCK3eGgDfH7tN8Qir,336952145557715,1828827977501647,50.8416961,4.3403638,50.8416992,4.3403079
w9e18WNtvRsxKL5noJ3fhI,oXcMxLCK3eGgDfH7tN8Qir,289603687218752,954512915586785,50.8417678,4.3403467,50.8417954,4.3402984
w9e18WNtvRsxKL5noJ3fhI,oXcMxLCK3eGgDfH7tN8Qir,1015338979715541,1258952971689841,50.8418567,4.3403256,50.8418702,4.3402633
w9e18WNtvRsxKL5noJ3fhI,oXcMxLCK3eGgDfH7tN8Qir,1018252096083748,1592531754492602,50.8419532,4.3402834,50.841937,4.3402147
w9e18WNtvRsxKL5noJ3fhI,oXcMxLCK3eGgDfH7tN8Qir,284879244372412,219523640708616,50.8420525,4.340245,50.8420637,4.3401302
w9e18WNtvRsxKL5noJ3fhI,oXcMxLCK3eGgDfH7tN8Qir,2720778458060119,233094309374224,50.8421497,4.3402094,50.8421324,4.3401022
w9e18WNtvRsxKL5noJ3fhI,oXcMxLCK3eGgDfH7tN8Qir,1646817955726820,944246186715158,50.8422542,4.3401704,50.8422056,4.3400824
w9e18WNtvRsxKL5noJ3fhI,oXcMxLCK3eGgDfH7tN8Qir,2061510000856171,236699045542723,50.8423681,4.3401211,50.84238,4.3400493
w9e18WNtvRsxKL5noJ3fhI,oXcMxLCK3eGgDfH7tN8Qir,331349249436587,192456310286649,50.8424886,4.3400748,50.8424605,4.3400182
w9e18WNtvRsxKL5noJ3fhI,oXcMxLCK3eGgDfH7tN8Qir,2277797969070732,562490412673432,50.8426067,4.3400378,50.8425629,4.340005
w9e18WNtvRsxKL5noJ3fhI,oXcMxLCK3eGgDfH7tN8Qir,707693040791511,250079387404075,50.8427248,4.3399979,50.8427344,4.339946
w9e18WNtvRsxKL5noJ3fhI,oXcMxLCK3eGgDfH7tN8Qir,1410248496192433,582943857145386,50.8428443,4.3399848,50.8428355,4.3399405
w9e18WNtvRsxKL5noJ3fhI,oXcMxLCK3eGgDfH7tN8Qir,1353916858851489,1013742616701858,50.8429609,4.3399416,50.8429276,4.3399234
w9e18WNtvRsxKL5noJ3fhI,oXcMxLCK3eGgDfH7tN8Qir,849218933396233,925046392071537,50.8430565,4.3398557,50.8430221,4.3398941
w9e18WNtvRsxKL5noJ3fhI,oXcMxLCK3eGgDfH7tN8Qir,840291494420906,3095729420729154,50.8431717,4.3397625,50.8432085,4.3398658
w9e18WNtvRsxKL5noJ3fhI,oXcMxLCK3eGgDfH7tN8Qir,1037984654211901,777415520562112,50.8432937,4.3397013,50.8433448,4.3398165
w9e18WNtvRsxKL5noJ3fhI,oXcMxLCK3eGgDfH7tN8Qir,1034663824235401,743216780620742,50.8434156,4.3396592,50.8434056,4.3397514
w9e18WNtvRsxKL5noJ3fhI,oXcMxLCK3eGgDfH7tN8Qir,704958617818187,200667462726351,50.8435384,4.3396152,50.8435574,4.3396273
w9e18WNtvRsxKL5noJ3fhI,oXcMxLCK3eGgDfH7tN8Qir,596794982495460,220399523937424,50.8436593,4.3395729,50.8436334,4.3395731
w9e18WNtvRsxKL5noJ3fhI,oXcMxLCK3eGgDfH7tN8Qir,343557538090163,267472372295869,50.8437917,4.3395474,50.8437721,4.3394683
w9e18WNtvRsxKL5noJ3fhI,oXcMxLCK3eGgDfH7tN8Qir,1093585994957423,596358555782369,50.8439268,4.339517,50.8439012,4.3393659
w9e18WNtvRsxKL5noJ3fhI,oXcMxLCK3eGgDfH7tN8Qir,859314695899665,622535049376100,50.84405,4.3394806,50.8439769,4.3393156
w9e18WNtvRsxKL5noJ3fhI,oXcMxLCK3eGgDfH7tN8Qir,1500125764097156,1170050303678812,50.8441721,4.339431,50.8442038,4.3393086
w9e18WNtvRsxKL5noJ3fhI,oXcMxLCK3eGgDfH7tN8Qir,1057825962065737,548296917458075,50.8443067,4.3393845,50.8443046,4.3392761
w9e18WNtvRsxKL5noJ3fhI,oXcMxLCK3eGgDfH7tN8Qir,1032580381118205,1309558229595982,50.8444304,4.3393336,50.8444127,4.3392565
w9e18WNtvRsxKL5noJ3fhI,oXcMxLCK3eGgDfH7tN8Qir,328543403160023,220682603991552,50.8445465,4.3392841,50.8445208,4.3392426
w9e18WNtvRsxKL5noJ3fhI,oXcMxLCK3eGgDfH7tN8Qir,1167596344013343,762963241995773,50.8446576,4.3392395,50.844681,4.3392081
w9e18WNtvRsxKL5noJ3fhI,oXcMxLCK3eGgDfH7tN8Qir,235749952820186,3573430406218275,50.8447627,4.3391821,50.8447562,4.3391676
w9e18WNtvRsxKL5noJ3fhI,oXcMxLCK3eGgDfH7tN8Qir,1784901205305544,3476887682557209,50.844892,4.3391624,50.8448644,4.3392268
w9e18WNtvRsxKL5noJ3fhI,oXcMxLCK3eGgDfH7tN8Qir,791118606103847,1193088004730901,50.8450081,4.3391187,50.8450284,4.3391928
w9e18WNtvRsxKL5noJ3fhI,oXcMxLCK3eGgDfH7tN8Qir,6905505986173021,983460669754237,50.845107,4.3390673,50.8451162,4.3391651
w9e18WNtvRsxKL5noJ3fhI,oXcMxLCK3eGgDfH7tN8Qir,836100654648308,262973249504966,50.8452061,4.3390588,50.845205,4.3391469
w9e18WNtvRsxKL5noJ3fhI,oXcMxLCK3eGgDfH7tN8Qir,241637812234997,530069565780034,50.8452871,4.3390486,50.8453034,4.3391412
w9e18WNtvRsxKL5noJ3fhI,oXcMxLCK3eGgDfH7tN8Qir,336820048723197,180821238197947,50.845403,4.3390445,50.8453879,4.3391224
w9e18WNtvRsxKL5noJ3fhI,oXcMxLCK3eGgDfH7tN8Qir,860874319036884,767406211439566,50.8455266,4.3389886,50.8455329,4.3390863
w9e18WNtvRsxKL5noJ3fhI,oXcMxLCK3eGgDfH7tN8Qir,302333112574382,192307900281914,50.8456692,4.3389761,50.8456473,4.3390537
w9e18WNtvRsxKL5noJ3fhI,oXcMxLCK3eGgDfH7tN8Qir,1054930792197961,150608321102921,50.8457959,4.3389551,50.8457553,4.33903
w9e18WNtvRsxKL5noJ3fhI,oXcMxLCK3eGgDfH7tN8Qir,1481140669124141,765638928246339,50.8459222,4.3388996,50.8459628,4.3389513
w9e18WNtvRsxKL5noJ3fhI,oXcMxLCK3eGgDfH7tN8Qir,1007163243886738,204658405645123,50.8460414,4.33885,50.8460572,4.3388903
w9e18WNtvRsxKL5noJ3fhI,oXcMxLCK3eGgDfH7tN8Qir,851988306657779,766825901639699,50.8461653,4.3388192,50.8461578,4.338841
w9e18WNtvRsxKL5noJ3fhI,oXcMxLCK3eGgDfH7tN8Qir,196540190134628,941107950540922,50.8462836,4.3387785,50.8462571,4.3388021
w9e18WNtvRsxKL5noJ3fhI,oXcMxLCK3eGgDfH7tN8Qir,291602003754786,1214686355860945,50.8464,4.3387371,50.8463459,4.3387507
w9e18WNtvRsxKL5noJ3fhI,oXcMxLCK3eGgDfH7tN8Qir,2759997084140427,699028901981067,50.8465268,4.3386945,50.84656,4.3386934
w9e18WNtvRsxKL5noJ3fhI,oXcMxLCK3eGgDfH7tN8Qir,1034399024576116,1470564767016415,50.846653,4.3386511,50.8466736,4.3386637
w9e18WNtvRsxKL5noJ3fhI,oXcMxLCK3eGgDfH7tN8Qir,643708627910579,996898717870002,50.8467796,4.3386046,50.8467597,4.3386001
w9e18WNtvRsxKL5noJ3fhI,oXcMxLCK3eGgDfH7tN8Qir,340536988487700,6170922279613873,50.8469084,4.3385794,50.8468639,4.3385429
w9e18WNtvRsxKL5noJ3fhI,oXcMxLCK3eGgDfH7tN8Qir,3615443755397647,530331749310214,50.8470353,4.3385459,50.8469704,4.3384851
w9e18WNtvRsxKL5noJ3fhI,oXcMxLCK3eGgDfH7tN8Qir,649655907278736,1209786619899041,50.8471573,4.3384865,50.8470827,4.3384209
w9e18WNtvRsxKL5noJ3fhI,oXcMxLCK3eGgDfH7tN8Qir,3511421069116211,927885768419353,50.8472763,4.3384329,50.8473026,4.3382902
w9e18WNtvRsxKL5noJ3fhI,oXcMxLCK3eGgDfH7tN8Qir,324331336868349,714525367128496,50.8473705,4.3383165,50.8474108,4.3382502
w9e18WNtvRsxKL5noJ3fhI,oXcMxLCK3eGgDfH7tN8Qir,1254781352584596,620886099581079,50.8474751,4.338246,50.8475126,4.3382062
w9e18WNtvRsxKL5noJ3fhI,oXcMxLCK3eGgDfH7tN8Qir,574871368078612,3322669931283572,50.8475993,4.3381916,50.8476185,4.3381481
w9e18WNtvRsxKL5noJ3fhI,oXcMxLCK3eGgDfH7tN8Qir,316450601172928,193257590225672,50.8477099,4.3381235,50.8477354,4.3380903
w9e18WNtvRsxKL5noJ3fhI,oXcMxLCK3eGgDfH7tN8Qir,887038252765065,3527734704161419,50.8478138,4.3380423,50.8478519,4.338049
w9e18WNtvRsxKL5noJ3fhI,oXcMxLCK3eGgDfH7tN8Qir,1398748640679971,1289792308581702,50.8479197,4.3379767,50.8479594,4.337984
w9e18WNtvRsxKL5noJ3fhI,oXcMxLCK3eGgDfH7tN8Qir,285661141008186,2339510879553440,50.8480408,4.3379509,50.8480701,4.3379568
w9e18WNtvRsxKL5noJ3fhI,oXcMxLCK3eGgDfH7tN8Qir,1055970565416930,596751435725737,50.8481779,4.3379671,50.8481928,4.3379828
w9e18WNtvRsxKL5noJ3fhI,oXcMxLCK3eGgDfH7tN8Qir,1080524149778550,626624228918213,50.8483077,4.337969,50.8483068,4.3380043
w9e18WNtvRsxKL5noJ3fhI,oXcMxLCK3eGgDfH7tN8Qir,330536152961465,1291670811426311,50.848431,4.3379758,50.8484265,4.338023
w9e18WNtvRsxKL5noJ3fhI,oXcMxLCK3eGgDfH7tN8Qir,289576840615232,968994727602867,50.8485495,4.3379857,50.8485474,4.3380318
w9e18WNtvRsxKL5noJ3fhI,oXcMxLCK3eGgDfH7tN8Qir,342914041534172,6313814295348265,50.8486705,4.3379974,50.8486644,4.3380455
w9e18WNtvRsxKL5noJ3fhI,oXcMxLCK3eGgDfH7tN8Qir,298100066318522,785175579814086,50.8487834,4.3380031,50.8487824,4.3380586
w9e18WNtvRsxKL5noJ3fhI,oXcMxLCK3eGgDfH7tN8Qir,1340449166864971,1378728186282516,50.8489014,4.3380239,50.8488962,4.3380844
w9e18WNtvRsxKL5noJ3fhI,oXcMxLCK3eGgDfH7tN8Qir,1181768789879080,196359776533530,50.8490153,4.3380823,50.8490039,4.3381345
w9e18WNtvRsxKL5noJ3fhI,oXcMxLCK3eGgDfH7tN8Qir,890719859093074,6439095176157169,50.8491224,4.3381433,50.8491132,4.3381995
w9e18WNtvRsxKL5noJ3fhI,oXcMxLCK3eGgDfH7tN8Qir,882364990179135,6155219157901197,50.8492304,4.3382074,50.8492134,4.3382581
w9e18WNtvRsxKL5noJ3fhI,oXcMxLCK3eGgDfH7tN8Qir,347886457694468,2439573946215429,50.8493379,4.3382717,50.8493188,4.3383118
w9e18WNtvRsxKL5noJ3fhI,oXcMxLCK3eGgDfH7tN8Qir,632147199075646,230901342868474,50.8494492,4.3383373,50.8494183,4.3383668
w9e18WNtvRsxKL5noJ3fhI,oXcMxLCK3eGgDfH7tN8Qir,2542692969238505,1223387981883132,50.8495638,4.338401,50.8495249,4.33842
w9e18WNtvRsxKL5noJ3fhI,oXcMxLCK3eGgDfH7tN8Qir,712709507560082,775152334257134,50.8496713,4.338463,50.8496284,4.3384695
w9e18WNtvRsxKL5noJ3fhI,oXcMxLCK3eGgDfH7tN8Qir,1820856228343287,914715816455630,50.8497875,4.3385262,50.8498292,4.3385851
w9e18WNtvRsxKL5noJ3fhI,oXcMxLCK3eGgDfH7tN8Qir,6680930588658339,243986024707851,50.8498991,4.3385869,50.8499289,4.3386373
w9e18WNtvRsxKL5noJ3fhI,oXcMxLCK3eGgDfH7tN8Qir,6558083160956690,780235167040903,50.8500057,4.3386438,50.8500245,4.3386963
w9e18WNtvRsxKL5noJ3fhI,oXcMxLCK3eGgDfH7tN8Qir,1221193852604236,780235167040903,50.8500587,4.3387169,50.8500245,4.3386963
w9e18WNtvRsxKL5noJ3fhI,oXcMxLCK3eGgDfH7tN8Qir,302256089224408,1474754269725947,50.8500687,4.3387967,50.850104,4.3387342
w9e18WNtvRsxKL5noJ3fhI,oXcMxLCK3eGgDfH7tN8Qir,1589393261894636,1474754269725947,50.850129,4.3388457,50.850104,4.3387342
w9e18WNtvRsxKL5noJ3fhI,oXcMxLCK3eGgDfH7tN8Qir,1006149617262371,810710970411293,50.8502092,4.3388913,50.8502381,4.3387439
w9e18WNtvRsxKL5noJ3fhI,oXcMxLCK3eGgDfH7tN8Qir,1707922953057535,129414706788619,50.8503072,4.3389441,50.8503057,4.3388276
w9e18WNtvRsxKL5noJ3fhI,oXcMxLCK3eGgDfH7tN8Qir,1054255432682133,252961297138174,50.8504016,4.3390129,50.8503817,4.3389295
w9e18WNtvRsxKL5noJ3fhI,oXcMxLCK3eGgDfH7tN8Qir,664544738801068,1444664886276273,50.850459,4.3390579,50.8504592,4.339036
w9e18WNtvRsxKL5noJ3fhI,oXcMxLCK3eGgDfH7tN8Qir,3435730700071855,1444664886276273,50.8504934,4.3390878,50.8504592,4.339036
w9e18WNtvRsxKL5noJ3fhI,oXcMxLCK3eGgDfH7tN8Qir,1296678564317035,1285466732321160,50.850504,4.3390938,50.850549,4.3391506
w9e18WNtvRsxKL5noJ3fhI,oXcMxLCK3eGgDfH7tN8Qir,1379450252979752,1285466732321160,50.8505208,4.3390953,50.850549,4.3391506
w9e18WNtvRsxKL5noJ3fhI,oXcMxLCK3eGgDfH7tN8Qir,294420800069782,1285466732321160,50.850566,4.3391275,50.850549,4.3391506
w9e18WNtvRsxKL5noJ3fhI,oXcMxLCK3eGgDfH7tN8Qir,292611923721630,249666417451434,50.8506399,4.3391992,50.8506384,4.339232
w9e18WNtvRsxKL5noJ3fhI,oXcMxLCK3eGgDfH7tN8Qir,2354279844774629,513692657467304,50.85073,4.3392966,50.8507282,4.3393035
w9e18WNtvRsxKL5noJ3fhI,oXcMxLCK3eGgDfH7tN8Qir,857908799334557,1052890475689094,50.8508252,4.3393726,50.8508235,4.3393926
w9e18WNtvRsxKL5noJ3fhI,oXcMxLCK3eGgDfH7tN8Qir,882671403374804,564163932492842,50.8509175,4.3394549,50.8509207,4.3394824
w9e18WNtvRsxKL5noJ3fhI,oXcMxLCK3eGgDfH7tN8Qir,264351959928433,262099736250204,50.8510152,4.3395613,50.8510147,4.3395659
w9e18WNtvRsxKL5noJ3fhI,oXcMxLCK3eGgDfH7tN8Qir,630398989272982,1313943152494121,50.8511258,4.3396583,50.8511001,4.3396545
w9e18WNtvRsxKL5noJ3fhI,oXcMxLCK3eGgDfH7tN8Qir,145716895292695,123921130677256,50.8512304,4.3397484,50.8512008,4.3397529
w9e18WNtvRsxKL5noJ3fhI,oXcMxLCK3eGgDfH7tN8Qir,287939037470867,702493441565885,50.8513022,4.3398491,50.8513098,4.3398547
w9e18WNtvRsxKL5noJ3fhI,oXcMxLCK3eGgDfH7tN8Qir,792140729583672,702493441565885,50.8513611,4.3399045,50.8513098,4.3398547
w9e18WNtvRsxKL5noJ3fhI,oXcMxLCK3eGgDfH7tN8Qir,258325263870941,6381662595227067,50.8513873,4.34001,50.8514215,4.3399536
w9e18WNtvRsxKL5noJ3fhI,oXcMxLCK3eGgDfH7tN8Qir,1643017689522028,6381662595227067,50.8513774,4.3399952,50.8514215,4.3399536
w9e18WNtvRsxKL5noJ3fhI,oXcMxLCK3eGgDfH7tN8Qir,267398655733272,6381662595227067,50.8513913,4.3399672,50.8514215,4.3399536
w9e18WNtvRsxKL5noJ3fhI,oXcMxLCK3eGgDfH7tN8Qir,349975660803312,6381662595227067,50.8514018,4.3399365,50.8514215,4.3399536
w9e18WNtvRsxKL5noJ3fhI,oXcMxLCK3eGgDfH7tN8Qir,1254513701912444,6381662595227067,50.8514095,4.3399226,50.8514215,4.3399536
w9e18WNtvRsxKL5noJ3fhI,oXcMxLCK3eGgDfH7tN8Qir,1697506664080897,6381662595227067,50.8514629,4.3399832,50.8514215,4.3399536
w9e18WNtvRsxKL5noJ3fhI,oXcMxLCK3eGgDfH7tN8Qir,1489049528597587,1542423089500909,50.85154,4.3400491,50.8515305,4.3400584
w9e18WNtvRsxKL5noJ3fhI,oXcMxLCK3eGgDfH7tN8Qir,860926448974054,954506709076860,50.8516367,4.3401313,50.8516424,4.3401623
w9e18WNtvRsxKL5noJ3fhI,oXcMxLCK3eGgDfH7tN8Qir,1039215997230342,155234840595308,50.8517445,4.3402268,50.8517512,4.3402569
w9e18WNtvRsxKL5noJ3fhI,oXcMxLCK3eGgDfH7tN8Qir,306469662178722,253506317134182,50.8518582,4.3403261,50.8518388,4.3403441
w9e18WNtvRsxKL5noJ3fhI,oXcMxLCK3eGgDfH7tN8Qir,699233178933638,656708553019331,50.8519785,4.3404472,50.8519664,4.3404753
w9e18WNtvRsxKL5noJ3fhI,oXcMxLCK3eGgDfH7tN8Qir,252898257339574,239473691955997,50.8520953,4.3405482,50.8521033,4.340599
w9e18WNtvRsxKL5noJ3fhI,oXcMxLCK3eGgDfH7tN8Qir,882754846168575,1322196761693814,50.8522179,4.3406561,50.8521901,4.3406755
w9e18WNtvRsxKL5noJ3fhI,oXcMxLCK3eGgDfH7tN8Qir,2433525143514662,534845228809367,50.8523338,4.3407728,50.8523139,4.3408087
w9e18WNtvRsxKL5noJ3fhI,oXcMxLCK3eGgDfH7tN8Qir,868949414588329,766917331502461,50.8524476,4.3409099,50.8524152,4.3409383
w9e18WNtvRsxKL5noJ3fhI,oXcMxLCK3eGgDfH7tN8Qir,910839190598997,207847868657620,50.8525581,4.341022,50.8525889,4.3411007
w9e18WNtvRsxKL5noJ3fhI,oXcMxLCK3eGgDfH7tN8Qir,1419551638601587,542460367966070,50.852675,4.3411361,50.8526999,4.3412066
w9e18WNtvRsxKL5noJ3fhI,oXcMxLCK3eGgDfH7tN8Qir,712763497553325,622716739716214,50.8527788,4.3412411,50.8528077,4.3413109
w9e18WNtvRsxKL5noJ3fhI,oXcMxLCK3eGgDfH7tN8Qir,1043682319973323,622716739716214,50.8528489,4.3413181,50.8528077,4.3413109
w9e18WNtvRsxKL5noJ3fhI,oXcMxLCK3eGgDfH7tN8Qir,344189841447589,531110149228643,50.8528901,4.3413488,50.8529109,4.3414069
w9e18WNtvRsxKL5noJ3fhI,oXcMxLCK3eGgDfH7tN8Qir,844131240595141,531110149228643,50.8529539,4.3413899,50.8529109,4.3414069
w9e18WNtvRsxKL5noJ3fhI,oXcMxLCK3eGgDfH7tN8Qir,651669153738821,624402869549475,50.8530305,4.3414665,50.8530192,4.341504
w9e18WNtvRsxKL5noJ3fhI,oXcMxLCK3eGgDfH7tN8Qir,652084226983662,137495115962596,50.8531189,4.3415477,50.8531319,4.3416088
w9e18WNtvRsxKL5noJ3fhI,oXcMxLCK3eGgDfH7tN8Qir,1553860108482573,898030607941521,50.8532287,4.3416487,50.8532454,4.3416972
w9e18WNtvRsxKL5noJ3fhI,oXcMxLCK3eGgDfH7tN8Qir,1031329494855227,1638401969956067,50.8533333,4.3417459,50.853356,4.3417796
w9e18WNtvRsxKL5noJ3fhI,oXcMxLCK3eGgDfH7tN8Qir,2509064642605042,575245187746310,50.8534455,4.3418281,50.8534762,4.3418754
w9e18WNtvRsxKL5noJ3fhI,oXcMxLCK3eGgDfH7tN8Qir,351107147310274,450873570577033,50.8535366,4.3419579,50.8535882,4.3419635
w9e18WNtvRsxKL5noJ3fhI,oXcMxLCK3eGgDfH7tN8Qir,207755108998509,253671537118856,50.8536467,4.3420488,50.8536754,4.3420441
w9e18WNtvRsxKL5noJ3fhI,oXcMxLCK3eGgDfH7tN8Qir,1478038759697333,1270676266864283,50.8537529,4.3421436,50.8537459,4.3421131
w9e18WNtvRsxKL5noJ3fhI,oXcMxLCK3eGgDfH7tN8Qir,297392363224234,968522424508521,50.853857,4.3422383,50.8538561,4.3422204
w9e18WNtvRsxKL5noJ3fhI,oXcMxLCK3eGgDfH7tN8Qir,987124685723498,187695960368855,50.8539586,4.3423288,50.8539744,4.3423092
w9e18WNtvRsxKL5noJ3fhI,oXcMxLCK3eGgDfH7tN8Qir,665004479066336,770749027912904,50.8540507,4.3424192,50.8540587,4.3424042
w9e18WNtvRsxKL5noJ3fhI,oXcMxLCK3eGgDfH7tN8Qir,798837888595166,1327539994775893,50.854139,4.3424963,50.8541341,4.3424761
w9e18WNtvRsxKL5noJ3fhI,oXcMxLCK3eGgDfH7tN8Qir,290550597192857,257332316768074,50.8542435,4.3425942,50.8542126,4.3425325
w9e18WNtvRsxKL5noJ3fhI,oXcMxLCK3eGgDfH7tN8Qir,289498104034031,1665760043895049,50.854361,4.342706,50.8543638,4.3426317
w9e18WNtvRsxKL5noJ3fhI,oXcMxLCK3eGgDfH7tN8Qir,236300696092911,908397323780594,50.8544773,4.3428116,50.8544929,4.3427581
w9e18WNtvRsxKL5noJ3fhI,oXcMxLCK3eGgDfH7tN8Qir,2494344114063048,1426588128114320,50.8545869,4.3428977,50.8545763,4.3428444
w9e18WNtvRsxKL5noJ3fhI,oXcMxLCK3eGgDfH7tN8Qir,832801295147789,1282967605633538,50.8546899,4.342996,50.8547158,4.3429993
w9e18WNtvRsxKL5noJ3fhI,oXcMxLCK3eGgDfH7tN8Qir,300431592784724,214240814669061,50.8547699,4.3430833,50.8547673,4.3430681
w9e18WNtvRsxKL5noJ3fhI,oXcMxLCK3eGgDfH7tN8Qir,856037965876987,713493737192475,50.8548278,4.3431229,50.8547911,4.3431158
w9e18WNtvRsxKL5noJ3fhI,oXcMxLCK3eGgDfH7tN8Qir,3691845097760705,188833267304048,50.8548729,4.3431512,50.854841,4.3431828
w9e18WNtvRsxKL5noJ3fhI,oXcMxLCK3eGgDfH7tN8Qir,639955361659952,242766128304610,50.8548971,4.3431999,50.8549088,4.3432488
w9e18WNtvRsxKL5noJ3fhI,oXcMxLCK3eGgDfH7tN8Qir,1258234788905135,188833267304048,50.8548951,4.3431612,50.854841,4.3431828
w9e18WNtvRsxKL5noJ3fhI,oXcMxLCK3eGgDfH7tN8Qir,758699152730993,188833267304048,50.8548851,4.343027,50.854841,4.3431828
w9e18WNtvRsxKL5noJ3fhI,oXcMxLCK3eGgDfH7tN8Qir,758601589406501,713493737192475,50.8548782,4.3430199,50.8547911,4.3431158
w9e18WNtvRsxKL5noJ3fhI,oXcMxLCK3eGgDfH7tN8Qir,320300487301531,188833267304048,50.854884,4.343031,50.854841,4.3431828
w9e18WNtvRsxKL5noJ3fhI,oXcMxLCK3eGgDfH7tN8Qir,1074389780397464,713493737192475,50.8548804,4.3430268,50.8547911,4.3431158
w9e18WNtvRsxKL5noJ3fhI,oXcMxLCK3eGgDfH7tN8Qir,6894818183916277,188833267304048,50.8548799,4.3430414,50.854841,4.3431828
w9e18WNtvRsxKL5noJ3fhI,oXcMxLCK3eGgDfH7tN8Qir,222271090677464,188833267304048,50.8548761,4.3430458,50.854841,4.3431828
w9e18WNtvRsxKL5noJ3fhI,oXcMxLCK3eGgDfH7tN8Qir,724583529483929,188833267304048,50.8548747,4.3430483,50.854841,4.3431828
w9e18WNtvRsxKL5noJ3fhI,oXcMxLCK3eGgDfH7tN8Qir,672048631571308,188833267304048,50.8548708,4.3430618,50.854841,4.3431828
w9e18WNtvRsxKL5noJ3fhI,oXcMxLCK3eGgDfH7tN8Qir,168011223034305,188833267304048,50.8549046,4.3431198,50.854841,4.3431828
w9e18WNtvRsxKL5noJ3fhI,oXcMxLCK3eGgDfH7tN8Qir,708803934022263,560350372886314,50.8549901,4.3432626,50.8549852,4.3433212
w9e18WNtvRsxKL5noJ3fhI,oXcMxLCK3eGgDfH7tN8Qir,737355701742854,955831135572113,50.8550809,4.3433731,50.8550493,4.3433905
w9e18WNtvRsxKL5noJ3fhI,oXcMxLCK3eGgDfH7tN8Qir,1071038074067075,1006060227028033,50.8551764,4.3434642,50.8551751,4.3435182
w9e18WNtvRsxKL5noJ3fhI,oXcMxLCK3eGgDfH7tN8Qir,307938025202999,927811388272206,50.8552816,4.3435508,50.8552355,4.343561
w9e18WNtvRsxKL5noJ3fhI,oXcMxLCK3eGgDfH7tN8Qir,714155690733148,181662971028765,50.8554048,4.343649,50.8553914,4.3437031
w9e18WNtvRsxKL5noJ3fhI,oXcMxLCK3eGgDfH7tN8Qir,1477923129657394,775926977267950,50.855522,4.3437548,50.8555266,4.343832
w9e18WNtvRsxKL5noJ3fhI,oXcMxLCK3eGgDfH7tN8Qir,699142045594106,139144705685990,50.8556401,4.3438712,50.8555986,4.3439014
w9e18WNtvRsxKL5noJ3fhI,oXcMxLCK3eGgDfH7tN8Qir,1760588391109488,1592972251170247,50.8557641,4.34399,50.8557673,4.3440629
w9e18WNtvRsxKL5noJ3fhI,oXcMxLCK3eGgDfH7tN8Qir,1127203664922231,2006452036371812,50.8558922,4.3441114,50.8558406,4.3441304
w9e18WNtvRsxKL5noJ3fhI,oXcMxLCK3eGgDfH7tN8Qir,705723461437271,517263770438524,50.8560237,4.344238,50.8560178,4.3442892
w9e18WNtvRsxKL5noJ3fhI,oXcMxLCK3eGgDfH7tN8Qir,992226825199678,199338886226562,50.8561474,4.3443575,50.85614,4.3443908
w9e18WNtvRsxKL5noJ3fhI,oXcMxLCK3eGgDfH7tN8Qir,285815944365836,758751145703416,50.8562671,4.3444782,50.8562342,4.3445216
w9e18WNtvRsxKL5noJ3fhI,oXcMxLCK3eGgDfH7tN8Qir,1501961337308611,177574551478503,50.856374,4.3445891,50.8563738,4.3446238
w9e18WNtvRsxKL5noJ3fhI,oXcMxLCK3eGgDfH7tN8Qir,257378117279628,557228213148079,50.8564601,4.3446774,50.8564577,4.3447092
w9e18WNtvRsxKL5noJ3fhI,oXcMxLCK3eGgDfH7tN8Qir,2223189834542325,949593502897883,50.8565373,4.3447582,50.8565477,4.3447927
w9e18WNtvRsxKL5noJ3fhI,oXcMxLCK3eGgDfH7tN8Qir,705297901093871,1670715516716479,50.8566058,4.3448293,50.8566398,4.3448772
w9e18WNtvRsxKL5noJ3fhI,oXcMxLCK3eGgDfH7tN8Qir,3555291108123342,1670715516716479,50.856677,4.3448983,50.8566398,4.3448772
w9e18WNtvRsxKL5noJ3fhI,oXcMxLCK3eGgDfH7tN8Qir,873136931000175,750241833463296,50.85674,4.3449525,50.8567335,4.3449697
w9e18WNtvRsxKL5noJ3fhI,oXcMxLCK3eGgDfH7tN8Qir,7032675176763035,750241833463296,50.8567954,4.3449903,50.8567335,4.3449697
w9e18WNtvRsxKL5noJ3fhI,oXcMxLCK3eGgDfH7tN8Qir,639009061726015,544315581198129,50.8568517,4.3450339,50.85684,4.3450654
w9e18WNtvRsxKL5noJ3fhI,oXcMxLCK3eGgDfH7tN8Qir,1716137682201905,276334344728835,50.8569104,4.345088,50.8569381,4.3451521
w9e18WNtvRsxKL5noJ3fhI,oXcMxLCK3eGgDfH7tN8Qir,872749277450022,276334344728835,50.8569599,4.3451358,50.8569381,4.3451521
w9e18WNtvRsxKL5noJ3fhI,oXcMxLCK3eGgDfH7tN8Qir,632390688975083,885677852502439,50.8569967,4.3451751,50.8570222,4.3452268
w9e18WNtvRsxKL5noJ3fhI,oXcMxLCK3eGgDfH7tN8Qir,7478637565499029,885677852502439,50.857028,4.3452015,50.8570222,4.3452268
w9e18WNtvRsxKL5noJ3fhI,oXcMxLCK3eGgDfH7tN8Qir,1257395064934954,885677852502439,50.8570552,4.3452187,50.8570222,4.3452268
w9e18WNtvRsxKL5noJ3fhI,oXcMxLCK3eGgDfH7tN8Qir,3631509673744871,910545676900416,50.8570614,4.345223,50.8570809,4.3452768
w9e18WNtvRsxKL5noJ3fhI,oXcMxLCK3eGgDfH7tN8Qir,1318269822166621,885677852502439,50.8570588,4.3452182,50.8570222,4.3452268
w9e18WNtvRsxKL5noJ3fhI,oXcMxLCK3eGgDfH7tN8Qir,1101932544577039,885677852502439,50.8570592,4.3452161,50.8570222,4.3452268
w9e18WNtvRsxKL5noJ3fhI,oXcMxLCK3eGgDfH7tN8Qir,782696026947841,885677852502439,50.8570596,4.3452185,50.8570222,4.3452268
w9e18WNtvRsxKL5noJ3fhI,oXcMxLCK3eGgDfH7tN8Qir,1272359270137473,910545676900416,50.8570655,4.34522,50.8570809,4.3452768
w9e18WNtvRsxKL5noJ3fhI,oXcMxLCK3eGgDfH7tN8Qir,2107163729628160,910545676900416,50.8570745,4.3452293,50.8570809,4.3452768
w9e18WNtvRsxKL5noJ3fhI,oXcMxLCK3eGgDfH7tN8Qir,672175265010981,910545676900416,50.8571053,4.3452486,50.8570809,4.3452768
w9e18WNtvRsxKL5noJ3fhI,oXcMxLCK3eGgDfH7tN8Qir,563725129227598,465514365759628,50.8571354,4.3452775,50.8571296,4.3453122
w9e18WNtvRsxKL5noJ3fhI,oXcMxLCK3eGgDfH7tN8Qir,200009189791985,1399326344230466,50.8571723,4.3453247,50.8571476,4.3453282
w9e18WNtvRsxKL5noJ3fhI,oXcMxLCK3eGgDfH7tN8Qir,856180672765704,766966648287732,50.8572274,4.3453605,50.8571958,4.3453634
w9e18WNtvRsxKL5noJ3fhI,oXcMxLCK3eGgDfH7tN8Qir,704659114869824,601985394986617,50.8572649,4.3453936,50.8572502,4.3454174
w9e18WNtvRsxKL5noJ3fhI,oXcMxLCK3eGgDfH7tN8Qir,715094890480076,1417892705658092,50.8573048,4.3454223,50.8572887,4.3454448
w9e18WNtvRsxKL5noJ3fhI,oXcMxLCK3eGgDfH7tN8Qir,638854995035448,635246645287334,50.8573321,4.3454434,50.8573198,4.3454609
w9e18WNtvRsxKL5noJ3fhI,oXcMxLCK3eGgDfH7tN8Qir,573340234917480,635246645287334,50.8573365,4.3454601,50.8573198,4.3454609
w9e18WNtvRsxKL5noJ3fhI,oXcMxLCK3eGgDfH7tN8Qir,285148091015361,3070001346627656,50.8573429,4.3454832,50.857366,4.345471
w9e18WNtvRsxKL5noJ3fhI,oXcMxLCK3eGgDfH7tN8Qir,3652100368433350,3070001346627656,50.8573735,4.3455199,50.857366,4.345471
w9e18WNtvRsxKL5noJ3fhI,oXcMxLCK3eGgDfH7tN8Qir,297097683111334,925019625214303,50.8574272,4.345563,50.8574313,4.345539
w9e18WNtvRsxKL5noJ3fhI,oXcMxLCK3eGgDfH7tN8Qir,681224220838539,3557927467768478,50.8574715,4.3455827,50.8574913,4.3456001
w9e18WNtvRsxKL5noJ3fhI,oXcMxLCK3eGgDfH7tN8Qir,828772082077186,3557927467768478,50.8574936,4.3455587,50.8574913,4.3456001
w9e18WNtvRsxKL5noJ3fhI,oXcMxLCK3eGgDfH7tN8Qir,209030322205991,3557927467768478,50.8575205,4.3455633,50.8574913,4.3456001
w9e18WNtvRsxKL5noJ3fhI,oXcMxLCK3eGgDfH7tN8Qir,770203824875464,3557927467768478,50.8575308,4.3455291,50.8574913,4.3456001
w9e18WNtvRsxKL5noJ3fhI,oXcMxLCK3eGgDfH7tN8Qir,1074043123964845,3557927467768478,50.8575345,4.3455056,50.8574913,4.3456001
w9e18WNtvRsxKL5noJ3fhI,oXcMxLCK3eGgDfH7tN8Qir,2003258233390293,3557927467768478,50.8575419,4.3455094,50.8574913,4.3456001
w9e18WNtvRsxKL5noJ3fhI,oXcMxLCK3eGgDfH7tN8Qir,713194726839707,3557927467768478,50.8575397,4.3454858,50.8574913,4.3456001
w9e18WNtvRsxKL5noJ3fhI,oXcMxLCK3eGgDfH7tN8Qir,1784431058684150,3557927467768478,50.8575673,4.3454969,50.8574913,4.3456001
w9e18WNtvRsxKL5noJ3fhI,oXcMxLCK3eGgDfH7tN8Qir,287252960795145,606063327902413,50.8576144,4.3455465,50.8575531,4.3456911
w9e18WNtvRsxKL5noJ3fhI,oXcMxLCK3eGgDfH7tN8Qir,641323564790393,497367029149373,50.8576721,4.3455918,50.8576264,4.3457659
w9e18WNtvRsxKL5noJ3fhI,oXcMxLCK3eGgDfH7tN8Qir,1361238634743192,591395966288360,50.8577306,4.3456561,50.8577109,4.3458469
w9e18WNtvRsxKL5noJ3fhI,oXcMxLCK3eGgDfH7tN8Qir,281320511034896,591395966288360,50.8577799,4.3457151,50.8577109,4.3458469
w9e18WNtvRsxKL5noJ3fhI,oXcMxLCK3eGgDfH7tN8Qir,3529179060656226,932721021312196,50.8578488,4.3457965,50.8578034,4.3459238
w9e18WNtvRsxKL5noJ3fhI,oXcMxLCK3eGgDfH7tN8Qir,1781792875616746,3411565459091720,50.8579064,4.3458598,50.857882,4.3459966
w9e18WNtvRsxKL5noJ3fhI,oXcMxLCK3eGgDfH7tN8Qir,643646431218524,957147705305638,50.8579835,4.3459981,50.8579437,4.3460594
w9e18WNtvRsxKL5noJ3fhI,oXcMxLCK3eGgDfH7tN8Qir,1461926111037183,600688528786027,50.8580144,4.3460585,50.8579917,4.3461113
w9e18WNtvRsxKL5noJ3fhI,oXcMxLCK3eGgDfH7tN8Qir,867125037899827,600688528786027,50.8580297,4.3460915,50.8579917,4.3461113
w9e18WNtvRsxKL5noJ3fhI,oXcMxLCK3eGgDfH7tN8Qir,1004366517462647,934969850986228,50.8580656,4.3461736,50.8580648,4.3461727
w9e18WNtvRsxKL5noJ3fhI,oXcMxLCK3eGgDfH7tN8Qir,1363035724294532,934969850986228,50.8580639,4.3461723,50.8580648,4.3461727
w9e18WNtvRsxKL5noJ3fhI,oXcMxLCK3eGgDfH7tN8Qir,338539515500100,934969850986228,50.8580618,4.3461728,50.8580648,4.3461727
w9e18WNtvRsxKL5noJ3fhI,oXcMxLCK3eGgDfH7tN8Qir,715419900639684,934969850986228,50.8580621,4.3461749,50.8580648,4.3461727
w9e18WNtvRsxKL5noJ3fhI,oXcMxLCK3eGgDfH7tN8Qir,1066768784692846,934969850986228,50.8580616,4.3461743,50.8580648,4.3461727
w9e18WNtvRsxKL5noJ3fhI,oXcMxLCK3eGgDfH7tN8Qir,340170445159840,489835166602457,50.8580605,4.346174,50.8580587,4.3461707
w9e18WNtvRsxKL5noJ3fhI,oXcMxLCK3eGgDfH7tN8Qir,997515798244344,489835166602457,50.8580593,4.3461716,50.8580587,4.3461707
w9e18WNtvRsxKL5noJ3fhI,oXcMxLCK3eGgDfH7tN8Qir,1078335946660015,489835166602457,50.8580581,4.3461702,50.8580587,4.3461707
w9e18WNtvRsxKL5noJ3fhI,oXcMxLCK3eGgDfH7tN8Qir,999228831306427,260984039619484,50.8580564,4.3461741,50.8580572,4.346172
w9e18WNtvRsxKL5noJ3fhI,oXcMxLCK3eGgDfH7tN8Qir,999946371122295,260984039619484,50.858054,4.3461774,50.8580572,4.346172
w9e18WNtvRsxKL5noJ3fhI,oXcMxLCK3eGgDfH7tN8Qir,648147720505369,260984039619484,50.8580516,4.3461764,50.8580572,4.346172
w9e18WNtvRsxKL5noJ3fhI,oXcMxLCK3eGgDfH7tN8Qir,1724615488001229,260984039619484,50.8580487,4.3461742,50.8580572,4.346172
w9e18WNtvRsxKL5noJ3fhI,oXcMxLCK3eGgDfH7tN8Qir,274355735575994,3857591964467803,50.8580463,4.3461756,50.85805,4.3461879
w9e18WNtvRsxKL5noJ3fhI,oXcMxLCK3eGgDfH7tN8Qir,705140601086272,3857591964467803,50.8580467,4.3461798,50.85805,4.3461879
w9e18WNtvRsxKL5noJ3fhI,oXcMxLCK3eGgDfH7tN8Qir,162844166902067,3857591964467803,50.8580456,4.346172,50.85805,4.3461879
w9e18WNtvRsxKL5noJ3fhI,oXcMxLCK3eGgDfH7tN8Qir,1312171322778246,628940549096067,50.8580645,4.346214,50.8580605,4.3462112
w9e18WNtvRsxKL5noJ3fhI,oXcMxLCK3eGgDfH7tN8Qir,3612343279023151,787210062750571,50.8581227,4.3462896,50.8580953,4.3462672
w9e18WNtvRsxKL5noJ3fhI,oXcMxLCK3eGgDfH7tN8Qir,2049785308696010,787210062750571,50.858155,4.3463986,50.8580953,4.3462672
w9e18WNtvRsxKL5noJ3fhI,oXcMxLCK3eGgDfH7tN8Qir,573922368172513,2282061938622262,50.8581759,4.3464765,50.8580807,4.3462841
w9e18WNtvRsxKL5noJ3fhI,oXcMxLCK3eGgDfH7tN8Qir,6467653033333379,2282061938622262,50.8582001,4.3465612,50.8580807,4.3462841
