6mvmqd2hd0f9npy8kh5lpx,1202326506904469,48.321310890001,-3.5968303080308
6mvmqd2hd0f9npy8kh5lpx,1202326506904469,48.321310890001,-3.5968303080308
6mvmqd2hd0f9npy8kh5lpx,292491322594640,48.321226137971,-3.5968458614999
6mvmqd2hd0f9npy8kh5lpx,539987983846310,48.321153193498,-3.5968575455004
6mvmqd2hd0f9npy8kh5lpx,507013683986118,48.321071963997,-3.5968735256996
6mvmqd2hd0f9npy8kh5lpx,314490133478052,48.320997159997,-3.5969028039997
6mvmqd2hd0f9npy8kh5lpx,302389971424843,48.320925925926,-3.5969304395512
6mvmqd2hd0f9npy8kh5lpx,481958879751269,48.320844223251,-3.5969649680506
6mvmqd2hd0f9npy8kh5lpx,230838705065988,48.32075904351,-3.5970064904021
6mvmqd2hd0f9npy8kh5lpx,230838705065988,48.32075904351,-3.5970064904021
6mvmqd2hd0f9npy8kh5lpx,3353994684703562,48.320609297699,-3.5971199743974
6mvmqd2hd0f9npy8kh5lpx,3353994684703562,48.320609297699,-3.5971199743974
6mvmqd2hd0f9npy8kh5lpx,601469817495771,48.320474967998,-3.5972092984019
6mvmqd2hd0f9npy8kh5lpx,3934768533297641,48.320409724183,-3.5972606130009
6mvmqd2hd0f9npy8kh5lpx,3934768533297641,48.320409724183,-3.5972606130009
6mvmqd2hd0f9npy8kh5lpx,506602747426943,48.320277777778,-3.5973816737997
6mvmqd2hd0f9npy8kh5lpx,506602747426943,48.320277777778,-3.5973816737997
6mvmqd2hd0f9npy8kh5lpx,515890126261535,48.320128479352,-3.5975145213021
6mvmqd2hd0f9npy8kh5lpx,515890126261535,48.320128479352,-3.5975145213021
6mvmqd2hd0f9npy8kh5lpx,813490579573396,48.320043488802,-3.5975952879988
6mvmqd2hd0f9npy8kh5lpx,2886871878245181,48.319929741602,-3.5976801232027
6mvmqd2hd0f9npy8kh5lpx,951234432302619,48.319873484197,-3.5977470031027
6mvmqd2hd0f9npy8kh5lpx,507625047048556,48.319829929502,-3.5978113371504
6mvmqd2hd0f9npy8kh5lpx,1644370049286548,48.319752391898,-3.5978748609975
6mvmqd2hd0f9npy8kh5lpx,3004729266423794,48.319695378252,-3.5979291084991
6mvmqd2hd0f9npy8kh5lpx,470255810724807,48.319596201399,-3.598040545399
6mvmqd2hd0f9npy8kh5lpx,819178625650116,48.319537620597,-3.5981064482007
6mvmqd2hd0f9npy8kh5lpx,819178625650116,48.319537620597,-3.5981064482007
6mvmqd2hd0f9npy8kh5lpx,513541240087940,48.319474979149,-3.5981709039548
6mvmqd2hd0f9npy8kh5lpx,523714328814968,48.3194066658,-3.5982422335991
6mvmqd2hd0f9npy8kh5lpx,516428462731635,48.319336461499,-3.5983168481018
6mvmqd2hd0f9npy8kh5lpx,172032891422366,48.319260799952,-3.5983998272007
6mvmqd2hd0f9npy8kh5lpx,326910608954842,48.319189982999,-3.5984737484737
6mvmqd2hd0f9npy8kh5lpx,920827572045641,48.319112033503,-3.5985481114974
6mvmqd2hd0f9npy8kh5lpx,185027190168165,48.319027777778,-3.5986340132003
6mvmqd2hd0f9npy8kh5lpx,519845162715037,48.318964105101,-3.5987033849684
6mvmqd2hd0f9npy8kh5lpx,165315292213875,48.318908766902,-3.598779322699
6mvmqd2hd0f9npy8kh5lpx,3797047430417048,48.318834466398,-3.5988520251979
6mvmqd2hd0f9npy8kh5lpx,527246871616748,48.318753571002,-3.5989180020006
6mvmqd2hd0f9npy8kh5lpx,305319811129874,48.318670196302,-3.5989737775526
6mvmqd2hd0f9npy8kh5lpx,1020333598709143,48.318580771002,-3.5990312039998
6mvmqd2hd0f9npy8kh5lpx,300659691755396,48.318514643498,-3.5990960915018
6mvmqd2hd0f9npy8kh5lpx,1186041755192621,48.318444994749,-3.5991789042499
6mvmqd2hd0f9npy8kh5lpx,1186041755192621,48.318444994749,-3.5991789042499
6mvmqd2hd0f9npy8kh5lpx,261102735804197,48.31835577585,-3.5992688852998
6mvmqd2hd0f9npy8kh5lpx,316080613429900,48.318267367202,-3.5993495496021
6mvmqd2hd0f9npy8kh5lpx,1093564991134236,48.318176753101,-3.5994276836997
6mvmqd2hd0f9npy8kh5lpx,934795663986170,48.318079327202,-3.5995055
6mvmqd2hd0f9npy8kh5lpx,1048432215689852,48.317984586601,-3.5995773480018
6mvmqd2hd0f9npy8kh5lpx,1856221717897399,48.317884598194,-3.5996417655009
6mvmqd2hd0f9npy8kh5lpx,512614713270000,48.317797182398,-3.5996921260014
6mvmqd2hd0f9npy8kh5lpx,928355404557690,48.3177120499,-3.5997412803022
6mvmqd2hd0f9npy8kh5lpx,928355404557690,48.3177120499,-3.5997412803022
6mvmqd2hd0f9npy8kh5lpx,1453275508351663,48.317613382652,-3.5997852282002
6mvmqd2hd0f9npy8kh5lpx,469138111050647,48.317497249725,-3.5998127730027
6mvmqd2hd0f9npy8kh5lpx,469138111050647,48.317497249725,-3.5998127730027
6mvmqd2hd0f9npy8kh5lpx,469138111050647,48.317497249725,-3.5998127730027
6mvmqd2hd0f9npy8kh5lpx,892535474660578,48.317406233601,-3.5998315720028
6mvmqd2hd0f9npy8kh5lpx,892535474660578,48.317406233601,-3.5998315720028
6mvmqd2hd0f9npy8kh5lpx,1171761149941110,48.317312032499,-3.5998443347006
6mvmqd2hd0f9npy8kh5lpx,772659083620562,48.317224972497,-3.5998657750026
6mvmqd2hd0f9npy8kh5lpx,1408317592858213,48.3171302325,-3.5998770219013
6mvmqd2hd0f9npy8kh5lpx,1408317592858213,48.3171302325,-3.5998770219013
6mvmqd2hd0f9npy8kh5lpx,3895374287213357,48.317038253,-3.5998829628981
6mvmqd2hd0f9npy8kh5lpx,185588013456596,48.316951176,-3.5998879347984
6mvmqd2hd0f9npy8kh5lpx,748790079111718,48.316862321402,-3.5999008686973
6mvmqd2hd0f9npy8kh5lpx,2810342205849989,48.31677499625,-3.5998774262496
6mvmqd2hd0f9npy8kh5lpx,4009485805813487,48.316695146497,-3.5998654132494
6mvmqd2hd0f9npy8kh5lpx,4033387356754970,48.316609130797,-3.5998579054994
6mvmqd2hd0f9npy8kh5lpx,1497426677259133,48.316505701003,-3.5998368134026
6mvmqd2hd0f9npy8kh5lpx,932031180984383,48.316417946201,-3.5998312037975
6mvmqd2hd0f9npy8kh5lpx,204579474714659,48.3162536373,-3.5997912688019
6mvmqd2hd0f9npy8kh5lpx,355577052650773,48.316166174402,-3.5997629383998
6mvmqd2hd0f9npy8kh5lpx,355577052650773,48.316166174402,-3.5997629383998
6mvmqd2hd0f9npy8kh5lpx,1089042511624513,48.315985454552,-3.5996848558005
6mvmqd2hd0f9npy8kh5lpx,2833326486909482,48.315900793003,-3.5996345335027
6mvmqd2hd0f9npy8kh5lpx,478027623268973,48.315811637402,-3.5995856677524
6mvmqd2hd0f9npy8kh5lpx,537695750569360,48.31573310965,-3.5995323137005
6mvmqd2hd0f9npy8kh5lpx,1652618148265402,48.315659942197,-3.5994674905993
6mvmqd2hd0f9npy8kh5lpx,4435006173176095,48.315580309498,-3.5993982855259
6mvmqd2hd0f9npy8kh5lpx,355122116174570,48.315410744001,-3.5992688560024
6mvmqd2hd0f9npy8kh5lpx,355122116174570,48.315410744001,-3.5992688560024
6mvmqd2hd0f9npy8kh5lpx,317032086695940,48.315250176303,-3.5991279534026
6mvmqd2hd0f9npy8kh5lpx,468067490956595,48.315175097652,-3.5990383790986
6mvmqd2hd0f9npy8kh5lpx,392075235579080,48.315102779752,-3.598958855472
6mvmqd2hd0f9npy8kh5lpx,821808251783067,48.3150302196,-3.5988690700006
6mvmqd2hd0f9npy8kh5lpx,1245248162576740,48.314967280349,-3.5987628437
6mvmqd2hd0f9npy8kh5lpx,819710785640934,48.314901939599,-3.5986558289983
6mvmqd2hd0f9npy8kh5lpx,499557837830201,48.314865374502,-3.5985786804975
6mvmqd2hd0f9npy8kh5lpx,2026758050789208,48.314778678749,-3.5984740380022
6mvmqd2hd0f9npy8kh5lpx,850555315863982,48.314717713399,-3.5983707679992
6mvmqd2hd0f9npy8kh5lpx,587037515600158,48.314624939501,-3.5981593773978
6mvmqd2hd0f9npy8kh5lpx,463641991369988,48.314586499002,-3.5980658097487
6mvmqd2hd0f9npy8kh5lpx,293873442331295,48.314562473402,-3.5979893247993
6mvmqd2hd0f9npy8kh5lpx,311608420602220,48.314535667999,-3.5978803511988
6mvmqd2hd0f9npy8kh5lpx,1195265907589044,48.314479440501,-3.597680688501
6mvmqd2hd0f9npy8kh5lpx,194107405793479,48.314411549708,-3.5974826388889
6mvmqd2hd0f9npy8kh5lpx,2870288853183873,48.314350626597,-3.597286270201
6mvmqd2hd0f9npy8kh5lpx,2870288853183873,48.314350626597,-3.597286270201
6mvmqd2hd0f9npy8kh5lpx,950005792484300,48.31429515725,-3.597133852849
6mvmqd2hd0f9npy8kh5lpx,3660892257356212,48.314241384003,-3.5968907920001
6mvmqd2hd0f9npy8kh5lpx,530370691309098,48.314195754998,-3.5967516204978
6mvmqd2hd0f9npy8kh5lpx,1305192473256833,48.314158860198,-3.5966256758016
6mvmqd2hd0f9npy8kh5lpx,907192833181121,48.314133585998,-3.5964891774892
6mvmqd2hd0f9npy8kh5lpx,907192833181121,48.314133585998,-3.5964891774892
6mvmqd2hd0f9npy8kh5lpx,907192833181121,48.314133585998,-3.5964891774892
6mvmqd2hd0f9npy8kh5lpx,748543639157382,48.314109981098,-3.5963606063011
6mvmqd2hd0f9npy8kh5lpx,946129709514856,48.314083841598,-3.596225340799
6mvmqd2hd0f9npy8kh5lpx,946129709514856,48.314083841598,-3.596225340799
6mvmqd2hd0f9npy8kh5lpx,207578501198046,48.314021236,-3.596022371999
6mvmqd2hd0f9npy8kh5lpx,935021184017944,48.31398297955,-3.5958765356504
6mvmqd2hd0f9npy8kh5lpx,3348045835422416,48.313973680002,-3.5957981639979
6mvmqd2hd0f9npy8kh5lpx,392043792476234,48.313933888002,-3.5956881768002
6mvmqd2hd0f9npy8kh5lpx,575267880551191,48.313886138614,-3.5955106697974
6mvmqd2hd0f9npy8kh5lpx,328000112275265,48.313855508698,-3.5953510163018
6mvmqd2hd0f9npy8kh5lpx,142817641212804,48.313820796099,-3.5952130367548
6mvmqd2hd0f9npy8kh5lpx,542668207138282,48.313778847098,-3.5950571828016
6mvmqd2hd0f9npy8kh5lpx,955372698615283,48.313752198402,-3.5949330198507
6mvmqd2hd0f9npy8kh5lpx,510946413594445,48.313717642901,-3.5947884135002
6mvmqd2hd0f9npy8kh5lpx,482163796218951,48.313682463599,-3.5946579243982
6mvmqd2hd0f9npy8kh5lpx,397000051438611,48.313651574602,-3.5945207856977
6mvmqd2hd0f9npy8kh5lpx,758511234836708,48.313619848751,-3.5944126497473
6mvmqd2hd0f9npy8kh5lpx,144654461034245,48.313590425999,-3.5942930727983
6mvmqd2hd0f9npy8kh5lpx,911449703032940,48.313555313799,-3.5941666666667
6mvmqd2hd0f9npy8kh5lpx,161250219294954,48.313502876402,-3.5939358852981
6mvmqd2hd0f9npy8kh5lpx,235717954986958,48.3134750624,-3.5938173615987
6mvmqd2hd0f9npy8kh5lpx,538754987293407,48.3134414799,-3.5936914323963
6mvmqd2hd0f9npy8kh5lpx,359177195642663,48.313404732453,-3.5935605812302
6mvmqd2hd0f9npy8kh5lpx,572972470341095,48.313369162502,-3.5934286719528
6mvmqd2hd0f9npy8kh5lpx,1216521445464964,48.313333333333,-3.5932961706013
6mvmqd2hd0f9npy8kh5lpx,315579350038421,48.313292134002,-3.5931589754974
6mvmqd2hd0f9npy8kh5lpx,1097756037383960,48.313270548802,-3.5930436791986
6mvmqd2hd0f9npy8kh5lpx,522798032413570,48.31324315235,-3.5929260235019
6mvmqd2hd0f9npy8kh5lpx,863136214582756,48.313213998502,-3.5928066012002
6mvmqd2hd0f9npy8kh5lpx,3914110165353066,48.313187258997,-3.5926902808027
6mvmqd2hd0f9npy8kh5lpx,188060806524944,48.313160031703,-3.5925596866996
6mvmqd2hd0f9npy8kh5lpx,523641295336584,48.313134920635,-3.5924421022982
6mvmqd2hd0f9npy8kh5lpx,1753432968185050,48.313107738998,-3.5923189842521
6mvmqd2hd0f9npy8kh5lpx,1072494869825911,48.313066125599,-3.5921695712016
6mvmqd2hd0f9npy8kh5lpx,509838713487606,48.3130332246,-3.5920530464992
6mvmqd2hd0f9npy8kh5lpx,1179626162486434,48.312998034,-3.5919195936006
6mvmqd2hd0f9npy8kh5lpx,758678551487898,48.312965611348,-3.5917880968004
6mvmqd2hd0f9npy8kh5lpx,802853283667932,48.312932831249,-3.5916536874994
6mvmqd2hd0f9npy8kh5lpx,4226832294004301,48.3129039542,-3.5915309951502
6mvmqd2hd0f9npy8kh5lpx,203919091444511,48.312876072001,-3.5914065720022
6mvmqd2hd0f9npy8kh5lpx,985988605272969,48.312806375198,-3.591153987398
6mvmqd2hd0f9npy8kh5lpx,985988605272969,48.312806375198,-3.591153987398
6mvmqd2hd0f9npy8kh5lpx,307780881031997,48.31275462963,-3.5909194137479
6mvmqd2hd0f9npy8kh5lpx,798776887504291,48.312734819002,-3.5908231720027
6mvmqd2hd0f9npy8kh5lpx,798776887504291,48.312734819002,-3.5908231720027
6mvmqd2hd0f9npy8kh5lpx,317473659869821,48.312688893779,-3.5906638277993
6mvmqd2hd0f9npy8kh5lpx,497294114847197,48.312658167802,-3.5905011642994
6mvmqd2hd0f9npy8kh5lpx,497294114847197,48.312658167802,-3.5905011642994
6mvmqd2hd0f9npy8kh5lpx,219779523036983,48.312627446251,-3.5903833586015
6mvmqd2hd0f9npy8kh5lpx,955123985291173,48.312579365079,-3.5902254226003
6mvmqd2hd0f9npy8kh5lpx,955123985291173,48.312579365079,-3.5902254226003
6mvmqd2hd0f9npy8kh5lpx,955123985291173,48.312579365079,-3.5902254226003
6mvmqd2hd0f9npy8kh5lpx,955123985291173,48.312579365079,-3.5902254226003
6mvmqd2hd0f9npy8kh5lpx,955123985291173,48.312579365079,-3.5902254226003
6mvmqd2hd0f9npy8kh5lpx,1100854900408030,48.312328911179,-3.5893435430396
6mvmqd2hd0f9npy8kh5lpx,1100854900408030,48.312328911179,-3.5893435430396
6mvmqd2hd0f9npy8kh5lpx,1100854900408030,48.312328911179,-3.5893435430396
6mvmqd2hd0f9npy8kh5lpx,480826823252308,48.312294620597,-3.5892348517975
6mvmqd2hd0f9npy8kh5lpx,295026238943348,48.312279547851,-3.5891793923998
6mvmqd2hd0f9npy8kh5lpx,860190067902645,48.3122649326,-3.5891263821985
6mvmqd2hd0f9npy8kh5lpx,491130845465858,48.312239452548,-3.5890544871795
6mvmqd2hd0f9npy8kh5lpx,2711821402441277,48.312238196,-3.5890033399997
6mvmqd2hd0f9npy8kh5lpx,799775997321964,48.3122262134,-3.5889311560003
6mvmqd2hd0f9npy8kh5lpx,474660966943069,48.312212962963,-3.5888931955211
6mvmqd2hd0f9npy8kh5lpx,248263873739130,48.312199074074,-3.5888494212507
6mvmqd2hd0f9npy8kh5lpx,522867922219874,48.312172529003,-3.5887818260006
6mvmqd2hd0f9npy8kh5lpx,1034937460579820,48.312153289998,-3.5887374424973
6mvmqd2hd0f9npy8kh5lpx,624698501819155,48.312132664502,-3.5885795127509
6mvmqd2hd0f9npy8kh5lpx,624698501819155,48.312132664502,-3.5885795127509
6mvmqd2hd0f9npy8kh5lpx,317501409903964,48.3121179362,-3.5884473832027
6mvmqd2hd0f9npy8kh5lpx,772378556756766,48.3120994518,-3.5883360836084
6mvmqd2hd0f9npy8kh5lpx,772378556756766,48.3120994518,-3.5883360836084
6mvmqd2hd0f9npy8kh5lpx,338738484334674,48.312078312502,-3.5882360290996
6mvmqd2hd0f9npy8kh5lpx,338738484334674,48.312078312502,-3.5882360290996
6mvmqd2hd0f9npy8kh5lpx,221704499483407,48.312026059899,-3.5880385678017
6mvmqd2hd0f9npy8kh5lpx,931809910950988,48.312001061803,-3.587940875401
6mvmqd2hd0f9npy8kh5lpx,1135426576955497,48.311976534003,-3.5878459060013
6mvmqd2hd0f9npy8kh5lpx,252997583283656,48.311952622048,-3.5877471302505
6mvmqd2hd0f9npy8kh5lpx,485322236052431,48.3119248713,-3.5876494577007
6mvmqd2hd0f9npy8kh5lpx,1180047832459743,48.311893683499,-3.5875483659944
6mvmqd2hd0f9npy8kh5lpx,1180047832459743,48.311893683499,-3.5875483659944
6mvmqd2hd0f9npy8kh5lpx,313215583684442,48.311861744502,-3.5874471019995
6mvmqd2hd0f9npy8kh5lpx,562410005146899,48.311810226202,-3.5872392177982
6mvmqd2hd0f9npy8kh5lpx,934248787368504,48.311795780898,-3.5871409025993
6mvmqd2hd0f9npy8kh5lpx,3838774089584807,48.311772123198,-3.5870439344024
6mvmqd2hd0f9npy8kh5lpx,680123346113909,48.311745552,-3.5869514310015
6mvmqd2hd0f9npy8kh5lpx,477365343344557,48.311721335998,-3.5867984600021
6mvmqd2hd0f9npy8kh5lpx,306382337792460,48.3117086922,-3.5867167652017
6mvmqd2hd0f9npy8kh5lpx,293248919102437,48.311683065302,-3.5866081417974
6mvmqd2hd0f9npy8kh5lpx,492242641892169,48.311657141198,-3.5865021613026
6mvmqd2hd0f9npy8kh5lpx,215745953705725,48.311631642298,-3.5863995340992
6mvmqd2hd0f9npy8kh5lpx,1165812413935883,48.311607444498,-3.586303004498
6mvmqd2hd0f9npy8kh5lpx,1165812413935883,48.311607444498,-3.586303004498
6mvmqd2hd0f9npy8kh5lpx,2941225946092431,48.311578168901,-3.5862063492063
6mvmqd2hd0f9npy8kh5lpx,2941225946092431,48.311578168901,-3.5862063492063
6mvmqd2hd0f9npy8kh5lpx,2941225946092431,48.311578168901,-3.5862063492063
6mvmqd2hd0f9npy8kh5lpx,2941225946092431,48.311578168901,-3.5862063492063
6mvmqd2hd0f9npy8kh5lpx,2941225946092431,48.311578168901,-3.5862063492063
6mvmqd2hd0f9npy8kh5lpx,1471112559900915,48.3115371398,-3.5861024733013
6mvmqd2hd0f9npy8kh5lpx,1471112559900915,48.3115371398,-3.5861024733013
6mvmqd2hd0f9npy8kh5lpx,763731624510848,48.311495251851,-3.5859936041013
6mvmqd2hd0f9npy8kh5lpx,210014860956076,48.311462588599,-3.5858902781979
6mvmqd2hd0f9npy8kh5lpx,210014860956076,48.311462588599,-3.5858902781979
6mvmqd2hd0f9npy8kh5lpx,236481001611721,48.311435791598,-3.5857706475978
6mvmqd2hd0f9npy8kh5lpx,1904833033017460,48.311411266599,-3.5856539182495
6mvmqd2hd0f9npy8kh5lpx,317386736727179,48.311382355299,-3.5855253848019
6mvmqd2hd0f9npy8kh5lpx,508622863909296,48.31135641035,-3.5854064332988
6mvmqd2hd0f9npy8kh5lpx,186483613354256,48.311328945201,-3.5852849287977
6mvmqd2hd0f9npy8kh5lpx,378894160179420,48.311300673498,-3.5851726284985
6mvmqd2hd0f9npy8kh5lpx,207592991179310,48.311253973602,-3.5849733024009
6mvmqd2hd0f9npy8kh5lpx,303039251536928,48.311198657002,-3.5847676602527
6mvmqd2hd0f9npy8kh5lpx,303039251536928,48.311198657002,-3.5847676602527
6mvmqd2hd0f9npy8kh5lpx,349963916470144,48.311167337,-3.5846559879975
6mvmqd2hd0f9npy8kh5lpx,298390281922632,48.311108360836,-3.5844366789001
6mvmqd2hd0f9npy8kh5lpx,283492913468215,48.311054309999,-3.5842243299994
6mvmqd2hd0f9npy8kh5lpx,283492913468215,48.311054309999,-3.5842243299994
6mvmqd2hd0f9npy8kh5lpx,845569999398292,48.311001437501,-3.5840158697026
6mvmqd2hd0f9npy8kh5lpx,182661223760359,48.310975432798,-3.5839069663998
6mvmqd2hd0f9npy8kh5lpx,526748328330270,48.310949053857,-3.5837992323973
6mvmqd2hd0f9npy8kh5lpx,526748328330270,48.310949053857,-3.5837992323973
6mvmqd2hd0f9npy8kh5lpx,496962741617496,48.310924365402,-3.5836995164001
6mvmqd2hd0f9npy8kh5lpx,496962741617496,48.310924365402,-3.5836995164001
6mvmqd2hd0f9npy8kh5lpx,3132372963656578,48.310901576798,-3.5835959393999
6mvmqd2hd0f9npy8kh5lpx,298391835300599,48.3108799872,-3.5835002004008
6mvmqd2hd0f9npy8kh5lpx,222876962680289,48.310855263158,-3.583397882399
6mvmqd2hd0f9npy8kh5lpx,513399533116778,48.31081339485,-3.5832245557023
6mvmqd2hd0f9npy8kh5lpx,1620530611469970,48.310790314501,-3.5830617430012
6mvmqd2hd0f9npy8kh5lpx,486938292358317,48.310778691802,-3.5829775637989
6mvmqd2hd0f9npy8kh5lpx,184186706937461,48.310750913553,-3.5828830257473
6mvmqd2hd0f9npy8kh5lpx,1243461512776573,48.310705770089,-3.5826842851004
6mvmqd2hd0f9npy8kh5lpx,2832239030361165,48.310687906552,-3.5825829354511
6mvmqd2hd0f9npy8kh5lpx,1138257163352518,48.310643616799,-3.5823865903986
6mvmqd2hd0f9npy8kh5lpx,234497588441391,48.310607662949,-3.5822857936012
6mvmqd2hd0f9npy8kh5lpx,4366554493368219,48.310532293377,-3.5820516068005
6mvmqd2hd0f9npy8kh5lpx,4366554493368219,48.310532293377,-3.5820516068005
6mvmqd2hd0f9npy8kh5lpx,227078162183325,48.310478939899,-3.5817993145025
6mvmqd2hd0f9npy8kh5lpx,174158694623088,48.310452839399,-3.5816666666667
6mvmqd2hd0f9npy8kh5lpx,479861156613214,48.310392513494,-3.5814285714286
6mvmqd2hd0f9npy8kh5lpx,451112699474990,48.310356428001,-3.5813222222222
6mvmqd2hd0f9npy8kh5lpx,768836037148637,48.310315532751,-3.5812007642563
6mvmqd2hd0f9npy8kh5lpx,289045922899656,48.310286040453,-3.5810882074495
6mvmqd2hd0f9npy8kh5lpx,1118227352005575,48.310259141599,-3.5809679340023
6mvmqd2hd0f9npy8kh5lpx,294233299013505,48.310228067099,-3.5808360836084
6mvmqd2hd0f9npy8kh5lpx,472479834024467,48.310165556901,-3.5805739102021
6mvmqd2hd0f9npy8kh5lpx,472479834024467,48.310165556901,-3.5805739102021
6mvmqd2hd0f9npy8kh5lpx,476077766798096,48.3101371338,-3.5804535085992
6mvmqd2hd0f9npy8kh5lpx,476077766798096,48.3101371338,-3.5804535085992
6mvmqd2hd0f9npy8kh5lpx,483233722899837,48.310080089599,-3.5802200769982
6mvmqd2hd0f9npy8kh5lpx,483233722899837,48.310080089599,-3.5802200769982
6mvmqd2hd0f9npy8kh5lpx,489526622100887,48.310053280797,-3.5801081569493
6mvmqd2hd0f9npy8kh5lpx,1785429701628597,48.310023628499,-3.5799868620336
6mvmqd2hd0f9npy8kh5lpx,531778604511219,48.3099685892,-3.5797508686
6mvmqd2hd0f9npy8kh5lpx,3795370797238438,48.309942691201,-3.5796304720985
6mvmqd2hd0f9npy8kh5lpx,186209093385611,48.309889031698,-3.579399683801
6mvmqd2hd0f9npy8kh5lpx,186209093385611,48.309889031698,-3.579399683801
6mvmqd2hd0f9npy8kh5lpx,792655404718757,48.309844469803,-3.5791838643993
6mvmqd2hd0f9npy8kh5lpx,335350417936217,48.30982318995,-3.5790777922485
6mvmqd2hd0f9npy8kh5lpx,517623799330409,48.309767956802,-3.5788576682026
6mvmqd2hd0f9npy8kh5lpx,159109529518976,48.3097372088,-3.5787528680003
6mvmqd2hd0f9npy8kh5lpx,171872241446326,48.309692075003,-3.578636032602
6mvmqd2hd0f9npy8kh5lpx,946706749462426,48.309587803952,-3.5783814822494
6mvmqd2hd0f9npy8kh5lpx,828093134759071,48.309549980249,-3.5782638888889
6mvmqd2hd0f9npy8kh5lpx,2555253821436123,48.309512809197,-3.5781401127981
6mvmqd2hd0f9npy8kh5lpx,520785462286673,48.309408672002,-3.5778369854051
6mvmqd2hd0f9npy8kh5lpx,552961949028723,48.309377667597,-3.5777450420023
6mvmqd2hd0f9npy8kh5lpx,222554772725479,48.309318358802,-3.5775316036026
6mvmqd2hd0f9npy8kh5lpx,321276259561563,48.309234949798,-3.5773094275974
6mvmqd2hd0f9npy8kh5lpx,1448125065550629,48.309179863202,-3.5771872007974
6mvmqd2hd0f9npy8kh5lpx,932157534316050,48.309095935999,-3.5769772800018
6mvmqd2hd0f9npy8kh5lpx,377842983647204,48.309054487179,-3.5768596168018
6mvmqd2hd0f9npy8kh5lpx,3691716327599072,48.30893554615,-3.5765912941483
6mvmqd2hd0f9npy8kh5lpx,854561168468490,48.308886138614,-3.5765054497523
6mvmqd2hd0f9npy8kh5lpx,204231551546956,48.308835859998,-3.5763944148021
6mvmqd2hd0f9npy8kh5lpx,1130191024170266,48.308745126447,-3.5762327498977
6mvmqd2hd0f9npy8kh5lpx,315691996787366,48.308720647998,-3.5761636739979
6mvmqd2hd0f9npy8kh5lpx,276947297505778,48.308656304698,-3.5759893476983
6mvmqd2hd0f9npy8kh5lpx,302576368086896,48.308628550901,-3.5759270512011
6mvmqd2hd0f9npy8kh5lpx,827163214567061,48.308611111111,-3.5758542639978
6mvmqd2hd0f9npy8kh5lpx,301405164859985,48.308584464599,-3.5757844944003
6mvmqd2hd0f9npy8kh5lpx,193986959242253,48.3085617763,-3.5757314863988
6mvmqd2hd0f9npy8kh5lpx,193986959242253,48.3085617763,-3.5757314863988
6mvmqd2hd0f9npy8kh5lpx,4355372297815074,48.308518518519,-3.575623631801
6mvmqd2hd0f9npy8kh5lpx,527653088402136,48.308481882098,-3.5755528052805
6mvmqd2hd0f9npy8kh5lpx,527653088402136,48.308481882098,-3.5755528052805
6mvmqd2hd0f9npy8kh5lpx,298988008551543,48.308440429901,-3.5754492838004
6mvmqd2hd0f9npy8kh5lpx,222668909378040,48.308367458752,-3.5752896937523
6mvmqd2hd0f9npy8kh5lpx,222668909378040,48.308367458752,-3.5752896937523
6mvmqd2hd0f9npy8kh5lpx,3113590268870277,48.308293252201,-3.5751609349412
6mvmqd2hd0f9npy8kh5lpx,515602189791667,48.308232144352,-3.5750338658506
6mvmqd2hd0f9npy8kh5lpx,1235292326927084,48.308110101497,-3.5747786708981
6mvmqd2hd0f9npy8kh5lpx,792326218320144,48.308006282598,-3.5745447333988
6mvmqd2hd0f9npy8kh5lpx,469708250789735,48.307878009998,-3.5742795702505
6mvmqd2hd0f9npy8kh5lpx,497571298122988,48.307821255599,-3.5741757623972
6mvmqd2hd0f9npy8kh5lpx,3006416146350347,48.307732475998,-3.5739944920027
6mvmqd2hd0f9npy8kh5lpx,304334654700490,48.3076756224,-3.5738771943974
6mvmqd2hd0f9npy8kh5lpx,145618090835231,48.30758433895,-3.5737230554473
6mvmqd2hd0f9npy8kh5lpx,116018300565362,48.307497249725,-3.5735712120014
6mvmqd2hd0f9npy8kh5lpx,339593394177838,48.30740102375,-3.573391545001
6mvmqd2hd0f9npy8kh5lpx,375557177227051,48.3073442255,-3.5732690146498
6mvmqd2hd0f9npy8kh5lpx,471423770609189,48.307269939998,-3.5731263319996
6mvmqd2hd0f9npy8kh5lpx,3010067722548211,48.307177654648,-3.5729974413519
6mvmqd2hd0f9npy8kh5lpx,1009060652958489,48.307092218199,-3.5728687639992
6mvmqd2hd0f9npy8kh5lpx,247662307129556,48.30699938,-3.5727730049637
6mvmqd2hd0f9npy8kh5lpx,556711898649402,48.306911273601,-3.5726668835999
6mvmqd2hd0f9npy8kh5lpx,3069402739961493,48.306811845798,-3.5725849368006
6mvmqd2hd0f9npy8kh5lpx,473597523871118,48.306722106722,-3.5725075265014
6mvmqd2hd0f9npy8kh5lpx,1479083445765849,48.306634132398,-3.5724368780024
6mvmqd2hd0f9npy8kh5lpx,223299592642311,48.306518549599,-3.5723636183983
6mvmqd2hd0f9npy8kh5lpx,223299592642311,48.306518549599,-3.5723636183983
6mvmqd2hd0f9npy8kh5lpx,265062865374261,48.306407715098,-3.5722889370994
6mvmqd2hd0f9npy8kh5lpx,265062865374261,48.306407715098,-3.5722889370994
6mvmqd2hd0f9npy8kh5lpx,2964947607165192,48.306295983483,-3.5722155279988
6mvmqd2hd0f9npy8kh5lpx,545293246471755,48.306198944802,-3.572177756798
6mvmqd2hd0f9npy8kh5lpx,474506163803294,48.3061313641,-3.5721827392007
6mvmqd2hd0f9npy8kh5lpx,239645131261656,48.306020609702,-3.5721552786016
6mvmqd2hd0f9npy8kh5lpx,172206654836159,48.305903439648,-3.5721047735982
6mvmqd2hd0f9npy8kh5lpx,476564860091175,48.305799016048,-3.5720737065479
6mvmqd2hd0f9npy8kh5lpx,690446625061672,48.305694444444,-3.5720463662486
6mvmqd2hd0f9npy8kh5lpx,2904456286548277,48.305484011998,-3.5720588235294
6mvmqd2hd0f9npy8kh5lpx,3006665229618700,48.305378513002,-3.572049501998
6mvmqd2hd0f9npy8kh5lpx,387399152520073,48.305280528053,-3.5720598699977
6mvmqd2hd0f9npy8kh5lpx,2925188297753543,48.305176506197,-3.5720756421013
6mvmqd2hd0f9npy8kh5lpx,341462610698882,48.304969471401,-3.5720636911006
6mvmqd2hd0f9npy8kh5lpx,921282278650342,48.304873371147,-3.5720435422995
6mvmqd2hd0f9npy8kh5lpx,921499078411283,48.304759963768,-3.5720280033924
6mvmqd2hd0f9npy8kh5lpx,752350795425735,48.304532393401,-3.5720266683974
6mvmqd2hd0f9npy8kh5lpx,1274658632948878,48.304452023247,-3.5720237075121
6mvmqd2hd0f9npy8kh5lpx,313252867010532,48.304242960002,-3.5719235287508
6mvmqd2hd0f9npy8kh5lpx,296253405531453,48.304169416942,-3.5718455339021
6mvmqd2hd0f9npy8kh5lpx,502437677859163,48.304082670703,-3.5717531415012
6mvmqd2hd0f9npy8kh5lpx,3036589799907007,48.304015510301,-3.5716960373987
6mvmqd2hd0f9npy8kh5lpx,145528497510529,48.303865781099,-3.5715627508989
6mvmqd2hd0f9npy8kh5lpx,250377206839157,48.303706187797,-3.5714044679995
6mvmqd2hd0f9npy8kh5lpx,875051486411903,48.303636709997,-3.5713367045014
6mvmqd2hd0f9npy8kh5lpx,570462340591473,48.303505970252,-3.5711462827487
6mvmqd2hd0f9npy8kh5lpx,330750375063729,48.303359185497,-3.5708161214989
6mvmqd2hd0f9npy8kh5lpx,330750375063729,48.303359185497,-3.5708161214989
6mvmqd2hd0f9npy8kh5lpx,1209264172879822,48.303266040003,-3.5705583058306
6mvmqd2hd0f9npy8kh5lpx,551971659297707,48.303197816998,-3.5703063009981
6mvmqd2hd0f9npy8kh5lpx,389674232275926,48.303168859649,-3.5701775172021
6mvmqd2hd0f9npy8kh5lpx,139101654843650,48.303102307399,-3.5700359309978
6mvmqd2hd0f9npy8kh5lpx,828241521133425,48.303067441998,-3.5698611111111
6mvmqd2hd0f9npy8kh5lpx,505075874184674,48.302995974401,-3.5695755326017
6mvmqd2hd0f9npy8kh5lpx,532237257946460,48.302928844998,-3.56925
6mvmqd2hd0f9npy8kh5lpx,532237257946460,48.302928844998,-3.56925
6mvmqd2hd0f9npy8kh5lpx,2915164345478129,48.302893797997,-3.5691310072027
6mvmqd2hd0f9npy8kh5lpx,917495072379647,48.302856965001,-3.5690057824975
6mvmqd2hd0f9npy8kh5lpx,917495072379647,48.302856965001,-3.5690057824975
6mvmqd2hd0f9npy8kh5lpx,917495072379647,48.302856965001,-3.5690057824975
6mvmqd2hd0f9npy8kh5lpx,917495072379647,48.302856965001,-3.5690057824975
6mvmqd2hd0f9npy8kh5lpx,488934605697431,48.302819788201,-3.5688781954018
6mvmqd2hd0f9npy8kh5lpx,747940619235281,48.302790313249,-3.568770342002
6mvmqd2hd0f9npy8kh5lpx,747940619235281,48.302790313249,-3.568770342002
6mvmqd2hd0f9npy8kh5lpx,746527449355272,48.302768677249,-3.5686605722025
6mvmqd2hd0f9npy8kh5lpx,746527449355272,48.302768677249,-3.5686605722025
6mvmqd2hd0f9npy8kh5lpx,321785972691303,48.302747035802,-3.5685524187999
6mvmqd2hd0f9npy8kh5lpx,321785972691303,48.302747035802,-3.5685524187999
6mvmqd2hd0f9npy8kh5lpx,321785972691303,48.302747035802,-3.5685524187999
6mvmqd2hd0f9npy8kh5lpx,291233645988975,48.302711347001,-3.5684301465015
6mvmqd2hd0f9npy8kh5lpx,2122402227901462,48.302663526499,-3.5682768949989
6mvmqd2hd0f9npy8kh5lpx,142273574612870,48.302640297198,-3.5681459312979
6mvmqd2hd0f9npy8kh5lpx,331229145070398,48.302613878598,-3.5680112669974
6mvmqd2hd0f9npy8kh5lpx,227717702114171,48.302557625152,-3.5678693614472
6mvmqd2hd0f9npy8kh5lpx,670051223816311,48.302482229402,-3.5675721098978
6mvmqd2hd0f9npy8kh5lpx,670051223816311,48.302482229402,-3.5675721098978
6mvmqd2hd0f9npy8kh5lpx,225012509429903,48.302446085998,-3.5674251480027
6mvmqd2hd0f9npy8kh5lpx,2554041464898953,48.302371387101,-3.5671375208001
6mvmqd2hd0f9npy8kh5lpx,4048538311874556,48.30233344741,-3.5669952840024
6mvmqd2hd0f9npy8kh5lpx,1120245338472904,48.302292573601,-3.5668503604001
6mvmqd2hd0f9npy8kh5lpx,5508733465834837,48.302205483202,-3.5665700551975
6mvmqd2hd0f9npy8kh5lpx,959140961509276,48.302153579252,-3.5664351851852
6mvmqd2hd0f9npy8kh5lpx,307570644178186,48.302057350398,-3.5662077237065
6mvmqd2hd0f9npy8kh5lpx,132559575508551,48.302025022297,-3.5661081326812
6mvmqd2hd0f9npy8kh5lpx,153359596806441,48.301932823,-3.5659150970018
6mvmqd2hd0f9npy8kh5lpx,478941163338578,48.301869964298,-3.5658004476002
6mvmqd2hd0f9npy8kh5lpx,327495558889879,48.301812209002,-3.5656693160006
6mvmqd2hd0f9npy8kh5lpx,1649962168526102,48.301687129999,-3.5654506688023
6mvmqd2hd0f9npy8kh5lpx,496405705008748,48.301560413201,-3.565250661999
6mvmqd2hd0f9npy8kh5lpx,267004598492968,48.301429446251,-3.5650490387476
6mvmqd2hd0f9npy8kh5lpx,306461761057516,48.301361464298,-3.5649460308018
6mvmqd2hd0f9npy8kh5lpx,491383512197804,48.301300761603,-3.5648229239981
6mvmqd2hd0f9npy8kh5lpx,3972619349480514,48.301140936001,-3.5645427199986
6mvmqd2hd0f9npy8kh5lpx,409048860066533,48.3010698555,-3.5644512785011
6mvmqd2hd0f9npy8kh5lpx,3017725011779691,48.30093079625,-3.5642519088493
6mvmqd2hd0f9npy8kh5lpx,3830762293701641,48.300862094951,-3.5641666666667
6mvmqd2hd0f9npy8kh5lpx,814695932810880,48.3007458785,-3.5640502582025
6mvmqd2hd0f9npy8kh5lpx,3936710226451119,48.300605121998,-3.5638479119999
6mvmqd2hd0f9npy8kh5lpx,3936710226451119,48.300605121998,-3.5638479119999
6mvmqd2hd0f9npy8kh5lpx,3936710226451119,48.300605121998,-3.5638479119999
6mvmqd2hd0f9npy8kh5lpx,319619489619461,48.300555555556,-3.5637688037986
6mvmqd2hd0f9npy8kh5lpx,515940503110441,48.300507237998,-3.5636795514021
6mvmqd2hd0f9npy8kh5lpx,323096816065530,48.300447596802,-3.5635650232524
6mvmqd2hd0f9npy8kh5lpx,323096816065530,48.300447596802,-3.5635650232524
6mvmqd2hd0f9npy8kh5lpx,490934038854947,48.300382527399,-3.5634533740002
6mvmqd2hd0f9npy8kh5lpx,272416957956926,48.300317013998,-3.563348415002
6mvmqd2hd0f9npy8kh5lpx,4230765866946700,48.300183425002,-3.5630962604973
6mvmqd2hd0f9npy8kh5lpx,4230765866946700,48.300183425002,-3.5630962604973
6mvmqd2hd0f9npy8kh5lpx,1693422660868352,48.300116574697,-3.5629762491782
6mvmqd2hd0f9npy8kh5lpx,1462595594121106,48.299969064802,-3.5627482482999
6mvmqd2hd0f9npy8kh5lpx,502273504532586,48.299833532501,-3.5625314230019
6mvmqd2hd0f9npy8kh5lpx,476191576789132,48.299742243598,-3.5624020032027
6mvmqd2hd0f9npy8kh5lpx,222184329427521,48.299676539002,-3.5623117442026
6mvmqd2hd0f9npy8kh5lpx,225332079064872,48.299543432599,-3.5621079684026
6mvmqd2hd0f9npy8kh5lpx,2886745458312733,48.299410503502,-3.5619142915984
6mvmqd2hd0f9npy8kh5lpx,2886745458312733,48.299410503502,-3.5619142915984
6mvmqd2hd0f9npy8kh5lpx,157911903016464,48.299267784502,-3.5617299759985
6mvmqd2hd0f9npy8kh5lpx,4429508030450209,48.299200249001,-3.5615949749975
6mvmqd2hd0f9npy8kh5lpx,4429508030450209,48.299200249001,-3.5615949749975
6mvmqd2hd0f9npy8kh5lpx,300563234915512,48.299057574798,-3.5613745715976
6mvmqd2hd0f9npy8kh5lpx,300563234915512,48.299057574798,-3.5613745715976
6mvmqd2hd0f9npy8kh5lpx,300563234915512,48.299057574798,-3.5613745715976
6mvmqd2hd0f9npy8kh5lpx,529035131806990,48.298990000101,-3.5613029980982
6mvmqd2hd0f9npy8kh5lpx,529035131806990,48.298990000101,-3.5613029980982
6mvmqd2hd0f9npy8kh5lpx,529035131806990,48.298990000101,-3.5613029980982
6mvmqd2hd0f9npy8kh5lpx,916649849187703,48.298905801151,-3.5612022866498
6mvmqd2hd0f9npy8kh5lpx,916649849187703,48.298905801151,-3.5612022866498
6mvmqd2hd0f9npy8kh5lpx,772919260082874,48.298841479003,-3.5610724574973
6mvmqd2hd0f9npy8kh5lpx,934957183956315,48.298764979998,-3.5609875539998
6mvmqd2hd0f9npy8kh5lpx,189244366409233,48.298704553752,-3.5608902719982
6mvmqd2hd0f9npy8kh5lpx,189244366409233,48.298704553752,-3.5608902719982
6mvmqd2hd0f9npy8kh5lpx,167314505333757,48.298513314002,-3.5606259039976
6mvmqd2hd0f9npy8kh5lpx,4000213626733173,48.298440115197,-3.5605524599996
6mvmqd2hd0f9npy8kh5lpx,1686956858163241,48.298313888889,-3.5603565451975
6mvmqd2hd0f9npy8kh5lpx,4648372448524328,48.298246579102,-3.5602627805001
6mvmqd2hd0f9npy8kh5lpx,851133108858344,48.298101767585,-3.5600547822984
6mvmqd2hd0f9npy8kh5lpx,967308550690433,48.298025555103,-3.5599401952018
6mvmqd2hd0f9npy8kh5lpx,324967018989623,48.297865227392,-3.5597157193012
6mvmqd2hd0f9npy8kh5lpx,3083540958542920,48.297794650802,-3.5595833333333
6mvmqd2hd0f9npy8kh5lpx,142110891286448,48.297729077002,-3.559406546501
6mvmqd2hd0f9npy8kh5lpx,117681177057364,48.297590308847,-3.5591700232025
6mvmqd2hd0f9npy8kh5lpx,1070209373388132,48.297529737501,-3.5590495589975
6mvmqd2hd0f9npy8kh5lpx,286656306460364,48.297395878369,-3.5588607965996
6mvmqd2hd0f9npy8kh5lpx,143298897842504,48.297334205197,-3.5587735191984
6mvmqd2hd0f9npy8kh5lpx,222236012760174,48.297228829249,-3.5585851302477
6mvmqd2hd0f9npy8kh5lpx,506206797182964,48.29716769875,-3.558497026498
6mvmqd2hd0f9npy8kh5lpx,1396536837387529,48.297032172092,-3.5583166524976
6mvmqd2hd0f9npy8kh5lpx,1000828767123376,48.296971260702,-3.5582299378021
6mvmqd2hd0f9npy8kh5lpx,854140092127728,48.29685424345,-3.5580555555556
6mvmqd2hd0f9npy8kh5lpx,854140092127728,48.29685424345,-3.5580555555556
6mvmqd2hd0f9npy8kh5lpx,471889457448905,48.296756216351,-3.5578796079025
6mvmqd2hd0f9npy8kh5lpx,160533286037131,48.296711207199,-3.5577949797025
6mvmqd2hd0f9npy8kh5lpx,160533286037131,48.296711207199,-3.5577949797025
6mvmqd2hd0f9npy8kh5lpx,823187455270927,48.296669416942,-3.5577195397997
6mvmqd2hd0f9npy8kh5lpx,218085736561882,48.296627985601,-3.5576535460013
6mvmqd2hd0f9npy8kh5lpx,485526086057859,48.296585723103,-3.5575983150983
6mvmqd2hd0f9npy8kh5lpx,842159686508295,48.296484959648,-3.5574609968501
6mvmqd2hd0f9npy8kh5lpx,492197982090839,48.296428086399,-3.5573803168005
6mvmqd2hd0f9npy8kh5lpx,492197982090839,48.296428086399,-3.5573803168005
6mvmqd2hd0f9npy8kh5lpx,304272437909503,48.296375789202,-3.5572958500669
6mvmqd2hd0f9npy8kh5lpx,488594652453357,48.296329768301,-3.5572113789016
6mvmqd2hd0f9npy8kh5lpx,299178205215041,48.296275752051,-3.5571218057012
6mvmqd2hd0f9npy8kh5lpx,308355614241477,48.296218099202,-3.5570318864007
6mvmqd2hd0f9npy8kh5lpx,495063541698260,48.29616840935,-3.5569491105021
6mvmqd2hd0f9npy8kh5lpx,779660589401103,48.296116223002,-3.5568660652475
6mvmqd2hd0f9npy8kh5lpx,143465207775777,48.2960652413,-3.5567932414512
6mvmqd2hd0f9npy8kh5lpx,143465207775777,48.2960652413,-3.5567932414512
6mvmqd2hd0f9npy8kh5lpx,484611636186249,48.295969487502,-3.556660307501
6mvmqd2hd0f9npy8kh5lpx,484611636186249,48.295969487502,-3.556660307501
6mvmqd2hd0f9npy8kh5lpx,308749900836766,48.295879710145,-3.5565270798437
6mvmqd2hd0f9npy8kh5lpx,206431127982905,48.295830583058,-3.5564552756999
6mvmqd2hd0f9npy8kh5lpx,954680951966077,48.295790675399,-3.5563825256975
6mvmqd2hd0f9npy8kh5lpx,482118712897113,48.295753598399,-3.5563111959996
6mvmqd2hd0f9npy8kh5lpx,303708181393291,48.295713457252,-3.5562420061
6mvmqd2hd0f9npy8kh5lpx,877024943155618,48.295668556601,-3.5561748266014
6mvmqd2hd0f9npy8kh5lpx,815322565757136,48.295609345801,-3.5561221841021
6mvmqd2hd0f9npy8kh5lpx,525965915428261,48.295547454102,-3.556080897002
6mvmqd2hd0f9npy8kh5lpx,949550949202930,48.295489131886,-3.5560379823975
6mvmqd2hd0f9npy8kh5lpx,493773628341767,48.295430796602,-3.5559789523012
6mvmqd2hd0f9npy8kh5lpx,478679636530165,48.295378338002,-3.5559174177475
6mvmqd2hd0f9npy8kh5lpx,248744483691789,48.295335112,-3.5558587088017
6mvmqd2hd0f9npy8kh5lpx,1157498584757502,48.295292911202,-3.5557937727999
6mvmqd2hd0f9npy8kh5lpx,627164178268227,48.295257993749,-3.5557262787519
6mvmqd2hd0f9npy8kh5lpx,3133861220170977,48.295177697251,-3.5555990333525
6mvmqd2hd0f9npy8kh5lpx,530415944664848,48.295130045201,-3.5555408992003
6mvmqd2hd0f9npy8kh5lpx,4399232086775900,48.295079700016,-3.5554872792023
6mvmqd2hd0f9npy8kh5lpx,888192335098394,48.294970430797,-3.5554166666667
6mvmqd2hd0f9npy8kh5lpx,888192335098394,48.294970430797,-3.5554166666667
6mvmqd2hd0f9npy8kh5lpx,2934455486821199,48.294888888889,-3.5553622429019
6mvmqd2hd0f9npy8kh5lpx,2934455486821199,48.294888888889,-3.5553622429019
6mvmqd2hd0f9npy8kh5lpx,2934455486821199,48.294888888889,-3.5553622429019
6mvmqd2hd0f9npy8kh5lpx,929803667813328,48.294843976501,-3.5553692754981
6mvmqd2hd0f9npy8kh5lpx,1187745685060301,48.294675402,-3.5552153749982
6mvmqd2hd0f9npy8kh5lpx,833433637593487,48.294653992448,-3.5551302760003
6mvmqd2hd0f9npy8kh5lpx,4400631526628244,48.2946307801,-3.5550424364985
6mvmqd2hd0f9npy8kh5lpx,1574976306041765,48.294604026999,-3.5549513579979
6mvmqd2hd0f9npy8kh5lpx,950396525798706,48.294569348899,-3.5548512058989
6mvmqd2hd0f9npy8kh5lpx,491300565525599,48.294535695753,-3.5547534732502
6mvmqd2hd0f9npy8kh5lpx,176551150942664,48.294315256802,-3.5546857495999
6mvmqd2hd0f9npy8kh5lpx,164134805671271,48.294234065198,-3.5547374684027
6mvmqd2hd0f9npy8kh5lpx,164134805671271,48.294234065198,-3.5547374684027
6mvmqd2hd0f9npy8kh5lpx,196697682305033,48.294143577249,-3.5547971059995
6mvmqd2hd0f9npy8kh5lpx,3401386406631397,48.294050801598,-3.5548464695992
6mvmqd2hd0f9npy8kh5lpx,1121328215009399,48.293961394802,-3.5548899392003
6mvmqd2hd0f9npy8kh5lpx,1127755697745688,48.293870341498,-3.5549355324998
