AQY9PT3g8JawW2dpjqUro5,648919760718071,52.521975349851,13.376255775174
AQY9PT3g8JawW2dpjqUro5,648919760718071,52.521975349851,13.376255775174
AQY9PT3g8JawW2dpjqUro5,648919760718071,52.521975349851,13.376255775174
AQY9PT3g8JawW2dpjqUro5,648919760718071,52.521975349851,13.376255775174
AQY9PT3g8JawW2dpjqUro5,343614078184194,52.521952436456,13.376281637944
AQY9PT3g8JawW2dpjqUro5,343614078184194,52.521952436456,13.376281637944
AQY9PT3g8JawW2dpjqUro5,868937621543592,52.524808705726,13.373581488491
AQY9PT3g8JawW2dpjqUro5,868937621543592,52.524808705726,13.373581488491
AQY9PT3g8JawW2dpjqUro5,343338794801678,52.524825225582,13.37362035888
AQY9PT3g8JawW2dpjqUro5,1049593386455210,52.524843047809,13.373654493563
AQY9PT3g8JawW2dpjqUro5,1453159638800962,52.524883342171,13.373721019885
AQY9PT3g8JawW2dpjqUro5,354756806896586,52.524979722793,13.373753822206
AQY9PT3g8JawW2dpjqUro5,1248150335976945,52.525091536486,13.373756169344
AQY9PT3g8JawW2dpjqUro5,631883332194442,52.525231116607,13.373735507633
AQY9PT3g8JawW2dpjqUro5,354956543639465,52.525342627619,13.373720959048
AQY9PT3g8JawW2dpjqUro5,1057724798979525,52.525479254,13.37370092703
AQY9PT3g8JawW2dpjqUro5,623922823261884,52.525620023636,13.373700633636
AQY9PT3g8JawW2dpjqUro5,1506769856778963,52.525758156289,13.373696274052
AQY9PT3g8JawW2dpjqUro5,1360063364617152,52.525896879723,13.373694063724
AQY9PT3g8JawW2dpjqUro5,6324172837688268,52.526029337534,13.373756930593
AQY9PT3g8JawW2dpjqUro5,1320133038622701,52.526117716768,13.373869338788
AQY9PT3g8JawW2dpjqUro5,1539843373513169,52.526226864808,13.374011605333
AQY9PT3g8JawW2dpjqUro5,1274194966622314,52.52631864897,13.374115629919
AQY9PT3g8JawW2dpjqUro5,778357157384477,52.526412889704,13.374215981023
AQY9PT3g8JawW2dpjqUro5,341619535005724,52.526536990296,13.374317472237
AQY9PT3g8JawW2dpjqUro5,866137731326744,52.526640893452,13.37439408498
AQY9PT3g8JawW2dpjqUro5,1071369267096887,52.52672073873,13.374439549405
AQY9PT3g8JawW2dpjqUro5,1752828575180982,52.52683066254,13.374497611349
AQY9PT3g8JawW2dpjqUro5,1498482167579873,52.526939433818,13.374534188364
AQY9PT3g8JawW2dpjqUro5,216183964649143,52.527022053729,13.374552790746
AQY9PT3g8JawW2dpjqUro5,1457836011677696,52.527107065635,13.374562989246
AQY9PT3g8JawW2dpjqUro5,2451118655062909,52.527192842552,13.374560236525
AQY9PT3g8JawW2dpjqUro5,867502591519533,52.527302015915,13.374539016817
AQY9PT3g8JawW2dpjqUro5,282662991357022,52.527386285657,13.374517739293
AQY9PT3g8JawW2dpjqUro5,247589681232174,52.527470029048,13.374499386429
AQY9PT3g8JawW2dpjqUro5,354052787043622,52.527551238658,13.374476590335
AQY9PT3g8JawW2dpjqUro5,880904466267610,52.527634618615,13.374449627976
AQY9PT3g8JawW2dpjqUro5,3635196040133324,52.527717730489,13.374423327972
AQY9PT3g8JawW2dpjqUro5,699815432081438,52.527772355212,13.374404659273
AQY9PT3g8JawW2dpjqUro5,6631548560298055,52.52782526801,13.374381865926
AQY9PT3g8JawW2dpjqUro5,835534101555943,52.527852333057,13.374370737098
AQY9PT3g8JawW2dpjqUro5,835534101555943,52.527852333057,13.374370737098
AQY9PT3g8JawW2dpjqUro5,316452537743444,52.5278785863,13.374356072131
AQY9PT3g8JawW2dpjqUro5,316452537743444,52.5278785863,13.374356072131
AQY9PT3g8JawW2dpjqUro5,1250154932328052,52.527931021508,13.374323302976
AQY9PT3g8JawW2dpjqUro5,678556770880285,52.527984504,13.374291553333
AQY9PT3g8JawW2dpjqUro5,1285837979480124,52.528010681349,13.374279193393
AQY9PT3g8JawW2dpjqUro5,2053836318300044,52.528037062711,13.374269576483
AQY9PT3g8JawW2dpjqUro5,1009240586796264,52.528063797939,13.374258900687
AQY9PT3g8JawW2dpjqUro5,241075095609272,52.528067856606,13.374117031152
AQY9PT3g8JawW2dpjqUro5,1505997493468839,52.528058321818,13.37407512
AQY9PT3g8JawW2dpjqUro5,1309626353090385,52.528056422835,13.374030816272
AQY9PT3g8JawW2dpjqUro5,754873856449721,52.528063725481,13.373987506489
AQY9PT3g8JawW2dpjqUro5,1376463939616570,52.528099475273,13.373919936727
AQY9PT3g8JawW2dpjqUro5,990065142272811,52.528132977228,13.373849118953
AQY9PT3g8JawW2dpjqUro5,296655353142663,52.528164220193,13.373773460767
AQY9PT3g8JawW2dpjqUro5,6602408363129629,52.528293321325,13.373608062676
AQY9PT3g8JawW2dpjqUro5,1044900226514139,52.528393511028,13.373532265933
AQY9PT3g8JawW2dpjqUro5,247270441263278,52.528465808202,13.373459962667
AQY9PT3g8JawW2dpjqUro5,1727490327663143,52.528561003753,13.373366181694
AQY9PT3g8JawW2dpjqUro5,291643237152698,52.528620129036,13.373272058476
AQY9PT3g8JawW2dpjqUro5,633211488884329,52.528705079603,13.373154824286
AQY9PT3g8JawW2dpjqUro5,246413568015732,52.52878702858,13.373040470036
AQY9PT3g8JawW2dpjqUro5,862554578864837,52.528880496229,13.37293585896
AQY9PT3g8JawW2dpjqUro5,2375601015957666,52.52895682125,13.372879450694
AQY9PT3g8JawW2dpjqUro5,1361387878090429,52.529052442092,13.372786904187
AQY9PT3g8JawW2dpjqUro5,151905214667755,52.529143214667,13.372682991838
AQY9PT3g8JawW2dpjqUro5,701947035175107,52.529242986905,13.372589999325
AQY9PT3g8JawW2dpjqUro5,1356250148304231,52.529314316538,13.372517839231
AQY9PT3g8JawW2dpjqUro5,353930713730508,52.529410486386,13.372422793225
AQY9PT3g8JawW2dpjqUro5,1362944714607717,52.529507465548,13.37232532445
AQY9PT3g8JawW2dpjqUro5,246930911297287,52.52958012087,13.372256659635
AQY9PT3g8JawW2dpjqUro5,859363298798723,52.529674692439,13.372160461996
AQY9PT3g8JawW2dpjqUro5,1356789888378421,52.529771866949,13.372070420364
AQY9PT3g8JawW2dpjqUro5,284387311154674,52.529872244957,13.371988595812
AQY9PT3g8JawW2dpjqUro5,847577620363827,52.529974488391,13.371910573407
AQY9PT3g8JawW2dpjqUro5,1749069188888232,52.530068587341,13.371821068452
AQY9PT3g8JawW2dpjqUro5,712269856923408,52.530161175823,13.371715968316
AQY9PT3g8JawW2dpjqUro5,253501691025664,52.530251872726,13.371609574477
AQY9PT3g8JawW2dpjqUro5,144013682129394,52.530349986432,13.371516948483
AQY9PT3g8JawW2dpjqUro5,861011622200499,52.530423678182,13.371451552242
AQY9PT3g8JawW2dpjqUro5,1309380199682175,52.530523732586,13.37136788337
AQY9PT3g8JawW2dpjqUro5,862247548450206,52.530623705934,13.371295249969
AQY9PT3g8JawW2dpjqUro5,2357414937800113,52.530727818012,13.371227976242
AQY9PT3g8JawW2dpjqUro5,1682149025597917,52.530804123794,13.371174984858
AQY9PT3g8JawW2dpjqUro5,1003466624214900,52.530906701687,13.371111915261
AQY9PT3g8JawW2dpjqUro5,1074930627213197,52.530985052252,13.371062408533
AQY9PT3g8JawW2dpjqUro5,1502354460582629,52.531062204586,13.371005595414
AQY9PT3g8JawW2dpjqUro5,1265280841533523,52.531112889641,13.37096691925
AQY9PT3g8JawW2dpjqUro5,1256105818389178,52.531135963306,13.370943497638
AQY9PT3g8JawW2dpjqUro5,1030370711613971,52.531191338182,13.370942148485
AQY9PT3g8JawW2dpjqUro5,1487299915381185,52.531229617653,13.371006882368
AQY9PT3g8JawW2dpjqUro5,345987207879765,52.53125912691,13.371084847093
AQY9PT3g8JawW2dpjqUro5,839039554298847,52.531280638262,13.371113267315
AQY9PT3g8JawW2dpjqUro5,1103116204398275,52.53133479308,13.371106205536
AQY9PT3g8JawW2dpjqUro5,983943712661743,52.531378472018,13.371051435444
AQY9PT3g8JawW2dpjqUro5,848287070263940,52.531426718422,13.371010179789
AQY9PT3g8JawW2dpjqUro5,1664137530741661,52.531499625763,13.370942538267
AQY9PT3g8JawW2dpjqUro5,3464907850436767,52.531571854495,13.370877797003
AQY9PT3g8JawW2dpjqUro5,288098637499790,52.531648197071,13.370824002323
AQY9PT3g8JawW2dpjqUro5,1765627100628523,52.531722532511,13.370758709343
AQY9PT3g8JawW2dpjqUro5,1243550839660978,52.531795893521,13.370691174775
AQY9PT3g8JawW2dpjqUro5,1286732688703084,52.531873584294,13.370632143804
AQY9PT3g8JawW2dpjqUro5,1077118543653303,52.531952368211,13.370580923841
AQY9PT3g8JawW2dpjqUro5,860270658697578,52.532026387179,13.370511371795
AQY9PT3g8JawW2dpjqUro5,1528767441211075,52.532097300119,13.370438727168
AQY9PT3g8JawW2dpjqUro5,6587605301358029,52.532146766061,13.370391844949
AQY9PT3g8JawW2dpjqUro5,1485936588823610,52.532217532824,13.370322533796
AQY9PT3g8JawW2dpjqUro5,1378463439546887,52.532288563048,13.370253075358
AQY9PT3g8JawW2dpjqUro5,134559416412950,52.532337427902,13.370210609486
AQY9PT3g8JawW2dpjqUro5,6703315736416764,52.532413687498,13.370152256083
AQY9PT3g8JawW2dpjqUro5,1660563981117170,52.532487724658,13.370087340812
AQY9PT3g8JawW2dpjqUro5,870640571434297,52.53255769891,13.37001210109
AQY9PT3g8JawW2dpjqUro5,852772056494879,52.532626549931,13.369938545505
AQY9PT3g8JawW2dpjqUro5,291753600465610,52.532705032983,13.369887307283
AQY9PT3g8JawW2dpjqUro5,331873479418996,52.532779142338,13.369817525454
AQY9PT3g8JawW2dpjqUro5,229283983487560,52.532832640266,13.369786888569
AQY9PT3g8JawW2dpjqUro5,720569673443376,52.532888012669,13.369773268256
AQY9PT3g8JawW2dpjqUro5,989276502359142,52.532935167976,13.369679519643
AQY9PT3g8JawW2dpjqUro5,1369236323670984,52.532919567184,13.369592047117
AQY9PT3g8JawW2dpjqUro5,254665843759661,52.53291263918,13.369502725743
AQY9PT3g8JawW2dpjqUro5,666777568757117,52.532943545238,13.369428696667
AQY9PT3g8JawW2dpjqUro5,857251009146392,52.533010405074,13.369345632732
AQY9PT3g8JawW2dpjqUro5,6856133734474954,52.533055728413,13.369289743571
AQY9PT3g8JawW2dpjqUro5,342877781524561,52.533127402044,13.369218330026
AQY9PT3g8JawW2dpjqUro5,1378491076424585,52.533174551101,13.369170292281
AQY9PT3g8JawW2dpjqUro5,334329435842295,52.533219320509,13.36911780099
AQY9PT3g8JawW2dpjqUro5,834403044846146,52.533261272615,13.369055150975
AQY9PT3g8JawW2dpjqUro5,844025530647797,52.533329694979,13.368977489165
AQY9PT3g8JawW2dpjqUro5,1311713229529122,52.533378518084,13.36893597547
AQY9PT3g8JawW2dpjqUro5,672746318165026,52.533456813546,13.368916637849
AQY9PT3g8JawW2dpjqUro5,6461004237359465,52.533510419085,13.368945918765
AQY9PT3g8JawW2dpjqUro5,1034192788006203,52.533562926187,13.368973013094
AQY9PT3g8JawW2dpjqUro5,2304297529762541,52.533615799623,13.369001051714
AQY9PT3g8JawW2dpjqUro5,360201576384825,52.533669606177,13.369028626694
AQY9PT3g8JawW2dpjqUro5,1391914245038944,52.533754749303,13.3690401
AQY9PT3g8JawW2dpjqUro5,3588224611436056,52.533834649315,13.369007572653
AQY9PT3g8JawW2dpjqUro5,340924948609320,52.533887209832,13.368969121548
AQY9PT3g8JawW2dpjqUro5,866824651362471,52.533963199603,13.368911000278
AQY9PT3g8JawW2dpjqUro5,883603275972832,52.534038296686,13.368852369428
AQY9PT3g8JawW2dpjqUro5,851658026549933,52.534110837966,13.368780598742
AQY9PT3g8JawW2dpjqUro5,1308849737178923,52.534181242534,13.368705825722
AQY9PT3g8JawW2dpjqUro5,1007755020277620,52.534269811967,13.368595010042
AQY9PT3g8JawW2dpjqUro5,859934298729078,52.534336764101,13.368509162109
AQY9PT3g8JawW2dpjqUro5,329134396467404,52.534431818,13.368412769867
AQY9PT3g8JawW2dpjqUro5,166723196496275,52.534505234068,13.368348669718
AQY9PT3g8JawW2dpjqUro5,307213188724656,52.53460195566,13.368255022642
AQY9PT3g8JawW2dpjqUro5,305331405576356,52.534669708103,13.368178636492
AQY9PT3g8JawW2dpjqUro5,865289411912887,52.534763917276,13.368081182724
AQY9PT3g8JawW2dpjqUro5,1468028624049829,52.534857167084,13.367986180016
AQY9PT3g8JawW2dpjqUro5,681841003907334,52.534950335906,13.367888973954
AQY9PT3g8JawW2dpjqUro5,1027431348529703,52.535044180591,13.367786019409
AQY9PT3g8JawW2dpjqUro5,828374349030891,52.535137179036,13.367688202449
AQY9PT3g8JawW2dpjqUro5,1495368004555581,52.535231728233,13.367590953623
AQY9PT3g8JawW2dpjqUro5,673033904788922,52.535325270635,13.367488299643
AQY9PT3g8JawW2dpjqUro5,712456577407682,52.535408888492,13.36736835496
AQY9PT3g8JawW2dpjqUro5,6764243863661853,52.5354333,13.3673479
AQY9PT3g8JawW2dpjqUro5,6764243863661853,52.5354333,13.3673479
