8jhok49ioq2z1qey83axiz,136601018484477,48.809685,2.317231
8jhok49ioq2z1qey83axiz,136601018484477,48.809685,2.317231
8jhok49ioq2z1qey83axiz,136601018484477,48.809685,2.317231
8jhok49ioq2z1qey83axiz,1211007052686110,48.80975,2.317359
8jhok49ioq2z1qey83axiz,1211007052686110,48.80975,2.317359
8jhok49ioq2z1qey83axiz,2967248766881380,48.809795,2.317552
8jhok49ioq2z1qey83axiz,851981655531251,48.809837,2.317773
8jhok49ioq2z1qey83axiz,1162944230796703,48.809879,2.318012
8jhok49ioq2z1qey83axiz,545837183068231,48.809902,2.3183
8jhok49ioq2z1qey83axiz,301675668257202,48.809929,2.318589
8jhok49ioq2z1qey83axiz,690550795002635,48.809952,2.318882
8jhok49ioq2z1qey83axiz,805361933752273,48.809948,2.319448
8jhok49ioq2z1qey83axiz,459457552007677,48.809921,2.319736
8jhok49ioq2z1qey83axiz,737220253641577,48.809891,2.320031
8jhok49ioq2z1qey83axiz,306329757553100,48.809834,2.320618
8jhok49ioq2z1qey83axiz,218650169691629,48.809803,2.320882
8jhok49ioq2z1qey83axiz,831925174340058,48.809772,2.321156
8jhok49ioq2z1qey83axiz,130341545755548,48.809723,2.321639
8jhok49ioq2z1qey83axiz,130735769048657,48.809704,2.321936
8jhok49ioq2z1qey83axiz,294404665495775,48.809677,2.322429
8jhok49ioq2z1qey83axiz,778394546200957,48.809673,2.322625
8jhok49ioq2z1qey83axiz,1126319677847107,48.809654,2.323095
8jhok49ioq2z1qey83axiz,463985468233343,48.809647,2.323364
8jhok49ioq2z1qey83axiz,277231524052019,48.809639,2.323634
8jhok49ioq2z1qey83axiz,273822877732830,48.809628,2.3239209999309
8jhok49ioq2z1qey83axiz,992467028209197,48.809612,2.324457
8jhok49ioq2z1qey83axiz,992467028209197,48.809612,2.324457
8jhok49ioq2z1qey83axiz,290500992712073,48.809605,2.324727
8jhok49ioq2z1qey83axiz,134161952034400,48.809593,2.325012
8jhok49ioq2z1qey83axiz,134161952034400,48.809593,2.325012
8jhok49ioq2z1qey83axiz,2029091170574266,48.80957,2.325274
8jhok49ioq2z1qey83axiz,2029091170574266,48.80957,2.325274
8jhok49ioq2z1qey83axiz,2029091170574266,48.80957,2.325274
8jhok49ioq2z1qey83axiz,476206366813251,48.809532,2.325528
8jhok49ioq2z1qey83axiz,801691613815294,48.809486,2.325835
8jhok49ioq2z1qey83axiz,779882286221838,48.809433,2.32612
8jhok49ioq2z1qey83axiz,290517505906496,48.809406,2.326307
8jhok49ioq2z1qey83axiz,511514436875625,48.8094175,2.3265109999206
8jhok49ioq2z1qey83axiz,459296145299740,48.809471,2.326705
8jhok49ioq2z1qey83axiz,1146910582454863,48.809582,2.326822
8jhok49ioq2z1qey83axiz,128434739320547,48.80973559998,2.3270103999388
8jhok49ioq2z1qey83axiz,129619502494050,48.80978,2.327078
8jhok49ioq2z1qey83axiz,493927375288799,48.80983,2.32713
8jhok49ioq2z1qey83axiz,233156371916733,48.8098375,2.327159
8jhok49ioq2z1qey83axiz,233156371916733,48.8098375,2.327159
8jhok49ioq2z1qey83axiz,765992074120321,48.809847,2.3271670000834
8jhok49ioq2z1qey83axiz,171951221385820,48.809895,2.327514
8jhok49ioq2z1qey83axiz,2133242946817884,48.809849,2.3277190000708
8jhok49ioq2z1qey83axiz,511882370186486,48.80978,2.3279529998903
8jhok49ioq2z1qey83axiz,852886155306023,48.809704,2.328217
8jhok49ioq2z1qey83axiz,852886155306023,48.809704,2.328217
8jhok49ioq2z1qey83axiz,301464671588669,48.809550999923,2.328746
8jhok49ioq2z1qey83axiz,170439324882994,48.809471,2.329009
8jhok49ioq2z1qey83axiz,768848563822677,48.809391,2.329188
8jhok49ioq2z1qey83axiz,1175839592854137,48.809326,2.329325
8jhok49ioq2z1qey83axiz,1175839592854137,48.809326,2.329325
8jhok49ioq2z1qey83axiz,813712416213412,48.80928,2.329469
8jhok49ioq2z1qey83axiz,477626240118547,48.809235,2.329619
8jhok49ioq2z1qey83axiz,2348317525298980,48.809181000073,2.3297769998703
8jhok49ioq2z1qey83axiz,961517357950318,48.809105,2.32998
8jhok49ioq2z1qey83axiz,495397911506989,48.809017,2.33021
8jhok49ioq2z1qey83axiz,495397911506989,48.809017,2.33021
8jhok49ioq2z1qey83axiz,548398689475278,48.808929,2.330447
8jhok49ioq2z1qey83axiz,548398689475278,48.808929,2.330447
8jhok49ioq2z1qey83axiz,548398689475278,48.808929,2.330447
8jhok49ioq2z1qey83axiz,548398689475278,48.808929,2.330447
8jhok49ioq2z1qey83axiz,548398689475278,48.808929,2.330447
8jhok49ioq2z1qey83axiz,470610900845063,48.808834,2.3306709998707
8jhok49ioq2z1qey83axiz,470610900845063,48.808834,2.3306709998707
8jhok49ioq2z1qey83axiz,519311419095193,48.808726999921,2.330874
8jhok49ioq2z1qey83axiz,216567289903546,48.808659,2.331094
8jhok49ioq2z1qey83axiz,619138402820210,48.80862,2.331272
8jhok49ioq2z1qey83axiz,528052581688170,48.808578,2.331389
8jhok49ioq2z1qey83axiz,1158064911330538,48.808552,2.3315
8jhok49ioq2z1qey83axiz,1158064911330538,48.808552,2.3315
8jhok49ioq2z1qey83axiz,1158064911330538,48.808552,2.3315
8jhok49ioq2z1qey83axiz,1158064911330538,48.808552,2.3315
8jhok49ioq2z1qey83axiz,1158064911330538,48.808552,2.3315
8jhok49ioq2z1qey83axiz,5752880214752934,48.808578,2.33159
8jhok49ioq2z1qey83axiz,293946122370845,48.808650999928,2.33168
8jhok49ioq2z1qey83axiz,608521437216068,48.808731,2.33177
8jhok49ioq2z1qey83axiz,962359031167894,48.808811,2.331859000134
8jhok49ioq2z1qey83axiz,486190186163942,48.808933,2.331977
8jhok49ioq2z1qey83axiz,486190186163942,48.808933,2.331977
8jhok49ioq2z1qey83axiz,805747646740214,48.809013,2.332065
8jhok49ioq2z1qey83axiz,889476211599520,48.809128,2.332198
8jhok49ioq2z1qey83axiz,455913998812240,48.809254,2.332333
8jhok49ioq2z1qey83axiz,295912865503269,48.809376,2.332498
8jhok49ioq2z1qey83axiz,518845715794323,48.809505,2.332656
8jhok49ioq2z1qey83axiz,769978183882100,48.809597,2.332785
8jhok49ioq2z1qey83axiz,150753113676255,48.809639,2.332852
8jhok49ioq2z1qey83axiz,974162269990928,48.809680999924,2.332908
8jhok49ioq2z1qey83axiz,974162269990928,48.809680999924,2.332908
8jhok49ioq2z1qey83axiz,768224893880413,48.809772,2.333005
8jhok49ioq2z1qey83axiz,193605589263416,48.809868,2.333112
8jhok49ioq2z1qey83axiz,265292361971838,48.809948,2.333226
8jhok49ioq2z1qey83axiz,295903768653615,48.810055,2.333368
8jhok49ioq2z1qey83axiz,2244563649013899,48.810184,2.333522
8jhok49ioq2z1qey83axiz,791760718392250,48.810329,2.333697
8jhok49ioq2z1qey83axiz,470281930921823,48.810474,2.333867
8jhok49ioq2z1qey83axiz,560763434901739,48.8106,2.334031
8jhok49ioq2z1qey83axiz,436299024442024,48.810718999922,2.33415
8jhok49ioq2z1qey83axiz,176498001006641,48.810786999911,2.334228
8jhok49ioq2z1qey83axiz,193230322617068,48.810822,2.33434
8jhok49ioq2z1qey83axiz,461289031846070,48.810848,2.334512
8jhok49ioq2z1qey83axiz,457907168838936,48.810867,2.334718
8jhok49ioq2z1qey83axiz,1662952640559093,48.81089,2.334916
8jhok49ioq2z1qey83axiz,785854491908933,48.810936,2.335317
8jhok49ioq2z1qey83axiz,219046586270317,48.810955,2.335551
8jhok49ioq2z1qey83axiz,506684537367520,48.810982,2.335779
8jhok49ioq2z1qey83axiz,906848476836494,48.810997000076,2.335993
8jhok49ioq2z1qey83axiz,295127082315402,48.81102,2.336238
8jhok49ioq2z1qey83axiz,132538505526710,48.811058,2.336742
8jhok49ioq2z1qey83axiz,132538505526710,48.811058,2.336742
8jhok49ioq2z1qey83axiz,573300636947273,48.811054,2.337063
8jhok49ioq2z1qey83axiz,284918003362838,48.811012,2.337351
8jhok49ioq2z1qey83axiz,284918003362838,48.811012,2.337351
8jhok49ioq2z1qey83axiz,757508368270304,48.810947,2.337652
8jhok49ioq2z1qey83axiz,757508368270304,48.810947,2.337652
8jhok49ioq2z1qey83axiz,798935654076167,48.810879,2.337942
8jhok49ioq2z1qey83axiz,185929510047591,48.810852,2.338146
8jhok49ioq2z1qey83axiz,185929510047591,48.810852,2.338146
8jhok49ioq2z1qey83axiz,756879524976066,48.810909,2.338252
8jhok49ioq2z1qey83axiz,471310650786233,48.81599,2.344333
8jhok49ioq2z1qey83axiz,471310650786233,48.81599,2.344333
8jhok49ioq2z1qey83axiz,4090483654347451,48.816006670012,2.344335
8jhok49ioq2z1qey83axiz,319315946275067,48.816174,2.344379
8jhok49ioq2z1qey83axiz,304516251053434,48.816181,2.344515
8jhok49ioq2z1qey83axiz,924284248352430,48.816176999884,2.344692
8jhok49ioq2z1qey83axiz,327396535471349,48.816174,2.344888999889
8jhok49ioq2z1qey83axiz,1049181425609661,48.816166,2.345354
8jhok49ioq2z1qey83axiz,157490506305766,48.816158,2.345626
8jhok49ioq2z1qey83axiz,2816935841892136,48.816158,2.3459129998945
8jhok49ioq2z1qey83axiz,207262114311864,48.816176999884,2.346193
8jhok49ioq2z1qey83axiz,521550542170378,48.816208,2.346468
8jhok49ioq2z1qey83axiz,283527560072061,48.816260999903,2.34675
8jhok49ioq2z1qey83axiz,217146419843651,48.816322,2.347015
8jhok49ioq2z1qey83axiz,217146419843651,48.816322,2.347015
8jhok49ioq2z1qey83axiz,217146419843651,48.816322,2.347015
8jhok49ioq2z1qey83axiz,478803133453771,48.816387,2.347252
8jhok49ioq2z1qey83axiz,478803133453771,48.816387,2.347252
8jhok49ioq2z1qey83axiz,478803133453771,48.816387,2.347252
8jhok49ioq2z1qey83axiz,177635530790716,48.816437000079,2.347416
8jhok49ioq2z1qey83axiz,177635530790716,48.816437000079,2.347416
8jhok49ioq2z1qey83axiz,177635530790716,48.816437000079,2.347416
8jhok49ioq2z1qey83axiz,177635530790716,48.816437000079,2.347416
8jhok49ioq2z1qey83axiz,3937898996260044,48.816479000157,2.347531
8jhok49ioq2z1qey83axiz,3937898996260044,48.816479000157,2.347531
8jhok49ioq2z1qey83axiz,3937898996260044,48.816479000157,2.347531
8jhok49ioq2z1qey83axiz,291885945762309,48.816508999865,2.347614
8jhok49ioq2z1qey83axiz,291885945762309,48.816508999865,2.347614
8jhok49ioq2z1qey83axiz,512852426576423,48.81654,2.347677
8jhok49ioq2z1qey83axiz,512852426576423,48.81654,2.347677
8jhok49ioq2z1qey83axiz,132099818937690,48.816566,2.347742
8jhok49ioq2z1qey83axiz,132099818937690,48.816566,2.347742
8jhok49ioq2z1qey83axiz,952865375523200,48.816592999856,2.347812
8jhok49ioq2z1qey83axiz,462135235071545,48.816628,2.347888
8jhok49ioq2z1qey83axiz,2889332271339325,48.816673,2.347989
8jhok49ioq2z1qey83axiz,751420268854923,48.816742,2.348118
8jhok49ioq2z1qey83axiz,369942947726994,48.816788,2.348221
8jhok49ioq2z1qey83axiz,307037744133321,48.816833,2.348334
8jhok49ioq2z1qey83axiz,160987052534811,48.816891,2.348454
8jhok49ioq2z1qey83axiz,485187216128506,48.816944,2.348587
8jhok49ioq2z1qey83axiz,241705801055227,48.817009,2.348734
8jhok49ioq2z1qey83axiz,903103080233911,48.81707,2.348892
8jhok49ioq2z1qey83axiz,1134283650384081,48.817211,2.349248
8jhok49ioq2z1qey83axiz,2926562374331064,48.817276,2.349436
8jhok49ioq2z1qey83axiz,211432984120776,48.817348,2.349642
8jhok49ioq2z1qey83axiz,226393465912340,48.817425,2.349852
8jhok49ioq2z1qey83axiz,511703013295392,48.81749,2.350007
8jhok49ioq2z1qey83axiz,381246276397569,48.817524,2.3501
8jhok49ioq2z1qey83axiz,4589573351069960,48.817571,2.350231
8jhok49ioq2z1qey83axiz,741465689861341,48.817619,2.350351
8jhok49ioq2z1qey83axiz,2895322600755437,48.817649429999,2.350472
8jhok49ioq2z1qey83axiz,3911981945564946,48.81768,2.350596
8jhok49ioq2z1qey83axiz,1352521731796533,48.817692,2.350658
8jhok49ioq2z1qey83axiz,295965745539470,48.817707,2.35074
8jhok49ioq2z1qey83axiz,2834371253492637,48.817749,2.350894
8jhok49ioq2z1qey83axiz,986014208603440,48.817757,2.350964
8jhok49ioq2z1qey83axiz,986014208603440,48.817757,2.350964
8jhok49ioq2z1qey83axiz,828327104439269,48.81778,2.351058
8jhok49ioq2z1qey83axiz,847632599432971,48.817814,2.351178
8jhok49ioq2z1qey83axiz,3868197796635289,48.817848,2.351338
8jhok49ioq2z1qey83axiz,468006507851822,48.817875,2.351538
8jhok49ioq2z1qey83axiz,1475137432817743,48.817894,2.351765
8jhok49ioq2z1qey83axiz,1210073836116532,48.817909,2.352009
8jhok49ioq2z1qey83axiz,371181907577337,48.817913,2.352256
8jhok49ioq2z1qey83axiz,935376647211708,48.817905,2.352503
8jhok49ioq2z1qey83axiz,935376647211708,48.817905,2.352503
8jhok49ioq2z1qey83axiz,457932621979244,48.817886,2.352766
8jhok49ioq2z1qey83axiz,457932621979244,48.817886,2.352766
8jhok49ioq2z1qey83axiz,457932621979244,48.817886,2.352766
8jhok49ioq2z1qey83axiz,457932621979244,48.817886,2.352766
8jhok49ioq2z1qey83axiz,822163418705551,48.817852,2.353034
8jhok49ioq2z1qey83axiz,822163418705551,48.817852,2.353034
8jhok49ioq2z1qey83axiz,2861084480818307,48.817802,2.353314
8jhok49ioq2z1qey83axiz,2861084480818307,48.817802,2.353314
8jhok49ioq2z1qey83axiz,482849326496551,48.817741,2.353577
8jhok49ioq2z1qey83axiz,154046346663940,48.817673,2.35382
8jhok49ioq2z1qey83axiz,154046346663940,48.817673,2.35382
8jhok49ioq2z1qey83axiz,154046346663940,48.817673,2.35382
8jhok49ioq2z1qey83axiz,154046346663940,48.817673,2.35382
8jhok49ioq2z1qey83axiz,154046346663940,48.817673,2.35382
8jhok49ioq2z1qey83axiz,154046346663940,48.817673,2.35382
8jhok49ioq2z1qey83axiz,154046346663940,48.817673,2.35382
8jhok49ioq2z1qey83axiz,133057632141906,48.8176,2.354025
8jhok49ioq2z1qey83axiz,133057632141906,48.8176,2.354025
8jhok49ioq2z1qey83axiz,156678899723400,48.817528,2.354192
8jhok49ioq2z1qey83axiz,287861592893550,48.817379149999,2.3544635199899
8jhok49ioq2z1qey83axiz,1441998269472822,48.817291,2.354625
8jhok49ioq2z1qey83axiz,372311927420696,48.817127,2.35491
8jhok49ioq2z1qey83axiz,150194643780679,48.816978,2.355173
8jhok49ioq2z1qey83axiz,2006268769548658,48.816841,2.355433
8jhok49ioq2z1qey83axiz,318171949684164,48.816719,2.355668
8jhok49ioq2z1qey83axiz,466686927925445,48.816588999841,2.355976
8jhok49ioq2z1qey83axiz,475463210370432,48.81646,2.356363
8jhok49ioq2z1qey83axiz,316399180076254,48.816406,2.35657
8jhok49ioq2z1qey83axiz,161401039150912,48.816334,2.356931
8jhok49ioq2z1qey83axiz,1352135025171658,48.816296,2.357216
8jhok49ioq2z1qey83axiz,3994197647293138,48.816273000079,2.357479
8jhok49ioq2z1qey83axiz,470026344221396,48.816246,2.357764
8jhok49ioq2z1qey83axiz,268413771642248,48.816223,2.358143
8jhok49ioq2z1qey83axiz,922846111824596,48.816208,2.358456
8jhok49ioq2z1qey83axiz,388103778973826,48.816193,2.358663
8jhok49ioq2z1qey83axiz,1339866726388830,48.81617,2.358932
8jhok49ioq2z1qey83axiz,312340743854708,48.816158,2.359189
8jhok49ioq2z1qey83axiz,312340743854708,48.816158,2.359189
8jhok49ioq2z1qey83axiz,791511251796715,48.816142999846,2.359448
8jhok49ioq2z1qey83axiz,791511251796715,48.816142999846,2.359448
8jhok49ioq2z1qey83axiz,791511251796715,48.816142999846,2.359448
8jhok49ioq2z1qey83axiz,949149109175195,48.816078,2.360306
8jhok49ioq2z1qey83axiz,949149109175195,48.816078,2.360306
8jhok49ioq2z1qey83axiz,949149109175195,48.816078,2.360306
8jhok49ioq2z1qey83axiz,457033748695943,48.815978999914,2.362153
8jhok49ioq2z1qey83axiz,216494190280120,48.815983,2.362408
8jhok49ioq2z1qey83axiz,527065131787104,48.816002,2.36267
8jhok49ioq2z1qey83axiz,794370291190444,48.816025,2.362942
8jhok49ioq2z1qey83axiz,1445713145774336,48.816082,2.363281
8jhok49ioq2z1qey83axiz,365973088180025,48.816096999923,2.363371
8jhok49ioq2z1qey83axiz,290184935936676,48.816151000116,2.363631
8jhok49ioq2z1qey83axiz,958780854864349,48.816245130123,2.3639748699844
8jhok49ioq2z1qey83axiz,145673340855595,48.816319,2.364172
8jhok49ioq2z1qey83axiz,487889892408049,48.81638,2.36433
8jhok49ioq2z1qey83axiz,129264625860062,48.816463000111,2.364532
8jhok49ioq2z1qey83axiz,149925927142738,48.816616,2.364878
8jhok49ioq2z1qey83axiz,3718920898234261,48.816803,2.365288
8jhok49ioq2z1qey83axiz,3718920898234261,48.816803,2.365288
8jhok49ioq2z1qey83axiz,930300064491297,48.81699,2.3657089998912
8jhok49ioq2z1qey83axiz,131539628922287,48.817154,2.36612
8jhok49ioq2z1qey83axiz,921868565257809,48.817249,2.36638
8jhok49ioq2z1qey83axiz,307780601006492,48.817413,2.366853
8jhok49ioq2z1qey83axiz,307780601006492,48.817413,2.366853
8jhok49ioq2z1qey83axiz,934433183957513,48.817554,2.367223
8jhok49ioq2z1qey83axiz,128587025967236,48.817661,2.36752
8jhok49ioq2z1qey83axiz,183676663608790,48.817726,2.36772
8jhok49ioq2z1qey83axiz,286044523169593,48.817871,2.368156
8jhok49ioq2z1qey83axiz,469572400920661,48.818005,2.368566
8jhok49ioq2z1qey83axiz,197924515349097,48.818062,2.368743
8jhok49ioq2z1qey83axiz,155972259724174,48.818127,2.368944
8jhok49ioq2z1qey83axiz,152641946807310,48.818199,2.369168
8jhok49ioq2z1qey83axiz,1256310811431250,48.818352,2.369623
8jhok49ioq2z1qey83axiz,2093424394130761,48.81842,2.369838
8jhok49ioq2z1qey83axiz,820096705263163,48.818535,2.370187
8jhok49ioq2z1qey83axiz,487332105818204,48.818619,2.370452
8jhok49ioq2z1qey83axiz,158542142787639,48.818714,2.370743
8jhok49ioq2z1qey83axiz,307816344086248,48.818779,2.370943
8jhok49ioq2z1qey83axiz,208888294132610,48.818844,2.371157
8jhok49ioq2z1qey83axiz,1181426032319363,48.818924,2.371412
8jhok49ioq2z1qey83axiz,129911489175991,48.819016,2.371692
8jhok49ioq2z1qey83axiz,889351294946137,48.819107,2.371988
8jhok49ioq2z1qey83axiz,5420713941335524,48.819199,2.372286
8jhok49ioq2z1qey83axiz,5420713941335524,48.819199,2.372286
8jhok49ioq2z1qey83axiz,808886973377909,48.819275,2.372524
8jhok49ioq2z1qey83axiz,808886973377909,48.819275,2.372524
8jhok49ioq2z1qey83axiz,808886973377909,48.819275,2.372524
8jhok49ioq2z1qey83axiz,808886973377909,48.819275,2.372524
8jhok49ioq2z1qey83axiz,808886973377909,48.819275,2.372524
8jhok49ioq2z1qey83axiz,808886973377909,48.819275,2.372524
8jhok49ioq2z1qey83axiz,808886973377909,48.819275,2.372524
8jhok49ioq2z1qey83axiz,808886973377909,48.819275,2.372524
8jhok49ioq2z1qey83axiz,278228680689098,48.819336,2.372705
8jhok49ioq2z1qey83axiz,3966724956786967,48.819389,2.372866
8jhok49ioq2z1qey83axiz,3966724956786967,48.819389,2.372866
8jhok49ioq2z1qey83axiz,3966724956786967,48.819389,2.372866
8jhok49ioq2z1qey83axiz,314514206718277,48.819443,2.373026
8jhok49ioq2z1qey83axiz,314514206718277,48.819443,2.373026
8jhok49ioq2z1qey83axiz,314514206718277,48.819443,2.373026
8jhok49ioq2z1qey83axiz,314514206718277,48.819443,2.373026
8jhok49ioq2z1qey83axiz,794269258193730,48.819496,2.373198
8jhok49ioq2z1qey83axiz,794269258193730,48.819496,2.373198
8jhok49ioq2z1qey83axiz,794269258193730,48.819496,2.373198
8jhok49ioq2z1qey83axiz,794269258193730,48.819496,2.373198
8jhok49ioq2z1qey83axiz,735638697111177,48.819565,2.373414
8jhok49ioq2z1qey83axiz,735638697111177,48.819565,2.373414
8jhok49ioq2z1qey83axiz,179527274043050,48.819656,2.373679
8jhok49ioq2z1qey83axiz,1656923211170947,48.819748,2.373949
8jhok49ioq2z1qey83axiz,555641695429010,48.819843,2.374222
8jhok49ioq2z1qey83axiz,794874338127481,48.819935,2.374489
8jhok49ioq2z1qey83axiz,794874338127481,48.819935,2.374489
8jhok49ioq2z1qey83axiz,301771391406702,48.820026,2.374764
8jhok49ioq2z1qey83axiz,301771391406702,48.820026,2.374764
8jhok49ioq2z1qey83axiz,859191807994616,48.820118,2.375041
8jhok49ioq2z1qey83axiz,859191807994616,48.820118,2.375041
8jhok49ioq2z1qey83axiz,859191807994616,48.820118,2.375041
8jhok49ioq2z1qey83axiz,859191807994616,48.820118,2.375041
8jhok49ioq2z1qey83axiz,859191807994616,48.820118,2.375041
8jhok49ioq2z1qey83axiz,859191807994616,48.820118,2.375041
8jhok49ioq2z1qey83axiz,484757286073842,48.82021,2.375317
8jhok49ioq2z1qey83axiz,484757286073842,48.82021,2.375317
8jhok49ioq2z1qey83axiz,484757286073842,48.82021,2.375317
8jhok49ioq2z1qey83axiz,484757286073842,48.82021,2.375317
8jhok49ioq2z1qey83axiz,484757286073842,48.82021,2.375317
8jhok49ioq2z1qey83axiz,484757286073842,48.82021,2.375317
8jhok49ioq2z1qey83axiz,849231198998603,48.820305,2.375593
8jhok49ioq2z1qey83axiz,849231198998603,48.820305,2.375593
8jhok49ioq2z1qey83axiz,849231198998603,48.820305,2.375593
8jhok49ioq2z1qey83axiz,849231198998603,48.820305,2.375593
8jhok49ioq2z1qey83axiz,849231198998603,48.820305,2.375593
8jhok49ioq2z1qey83axiz,849231198998603,48.820305,2.375593
8jhok49ioq2z1qey83axiz,793307761301265,48.820389,2.37587
8jhok49ioq2z1qey83axiz,793307761301265,48.820389,2.37587
8jhok49ioq2z1qey83axiz,793307761301265,48.820389,2.37587
8jhok49ioq2z1qey83axiz,389780235406377,48.820488,2.376167
8jhok49ioq2z1qey83axiz,389780235406377,48.820488,2.376167
8jhok49ioq2z1qey83axiz,146344314122735,48.820591,2.376474
8jhok49ioq2z1qey83axiz,146344314122735,48.820591,2.376474
8jhok49ioq2z1qey83axiz,146344314122735,48.820591,2.376474
8jhok49ioq2z1qey83axiz,4330594593659331,48.820698,2.376769
8jhok49ioq2z1qey83axiz,4330594593659331,48.820698,2.376769
8jhok49ioq2z1qey83axiz,371807994156879,48.820793,2.377053
8jhok49ioq2z1qey83axiz,371807994156879,48.820793,2.377053
8jhok49ioq2z1qey83axiz,238228408093994,48.820889,2.377334
8jhok49ioq2z1qey83axiz,238228408093994,48.820889,2.377334
8jhok49ioq2z1qey83axiz,238228408093994,48.820889,2.377334
8jhok49ioq2z1qey83axiz,316670873184738,48.820969,2.377592
8jhok49ioq2z1qey83axiz,316670873184738,48.820969,2.377592
8jhok49ioq2z1qey83axiz,316670873184738,48.820969,2.377592
8jhok49ioq2z1qey83axiz,316244310140704,48.821045,2.377834
8jhok49ioq2z1qey83axiz,846019445995132,48.821117,2.378048
8jhok49ioq2z1qey83axiz,846019445995132,48.821117,2.378048
8jhok49ioq2z1qey83axiz,283431486834870,48.821194,2.37825
8jhok49ioq2z1qey83axiz,764894664212545,48.821274,2.378446
8jhok49ioq2z1qey83axiz,751488848893189,48.82135,2.37863
8jhok49ioq2z1qey83axiz,922654618307677,48.821434,2.378805
8jhok49ioq2z1qey83axiz,180023770639431,48.821529,2.378987
8jhok49ioq2z1qey83axiz,2734686700155642,48.821705,2.379298
8jhok49ioq2z1qey83axiz,470480274247668,48.821793,2.3794469998978
8jhok49ioq2z1qey83axiz,2866872823552724,48.821957,2.379778
8jhok49ioq2z1qey83axiz,368997361152558,48.82206,2.379956
8jhok49ioq2z1qey83axiz,4281665338513082,48.822158499963,2.3801255000645
8jhok49ioq2z1qey83axiz,466065161163351,48.82235,2.380446
8jhok49ioq2z1qey83axiz,1293645141030314,48.822533,2.38076
8jhok49ioq2z1qey83axiz,1073176973209159,48.822647,2.380947
8jhok49ioq2z1qey83axiz,533488384496109,48.822762,2.381134
8jhok49ioq2z1qey83axiz,3086118961615253,48.82299,2.3815089998647
8jhok49ioq2z1qey83axiz,3877788092297200,48.823105,2.381694
8jhok49ioq2z1qey83axiz,747308319246935,48.823219,2.381889
8jhok49ioq2z1qey83axiz,856355708277264,48.823444,2.382264
8jhok49ioq2z1qey83axiz,891792994749566,48.823551,2.3824429999219
8jhok49ioq2z1qey83axiz,371665617533268,48.82365,2.382608
8jhok49ioq2z1qey83axiz,150204150392174,48.823746,2.382764
8jhok49ioq2z1qey83axiz,150204150392174,48.823746,2.382764
8jhok49ioq2z1qey83axiz,1118014705340401,48.823845,2.382929
8jhok49ioq2z1qey83axiz,1118014705340401,48.823845,2.382929
8jhok49ioq2z1qey83axiz,1118014705340401,48.823845,2.382929
8jhok49ioq2z1qey83axiz,1118014705340401,48.823845,2.382929
8jhok49ioq2z1qey83axiz,253728556438574,48.824097000071,2.383344
8jhok49ioq2z1qey83axiz,253728556438574,48.824097000071,2.383344
8jhok49ioq2z1qey83axiz,253728556438574,48.824097000071,2.383344
8jhok49ioq2z1qey83axiz,482580026385865,48.824272,2.383626
8jhok49ioq2z1qey83axiz,482580026385865,48.824272,2.383626
8jhok49ioq2z1qey83axiz,876967359529785,48.824471,2.38394
8jhok49ioq2z1qey83axiz,876967359529785,48.824471,2.38394
8jhok49ioq2z1qey83axiz,876967359529785,48.824471,2.38394
8jhok49ioq2z1qey83axiz,155974039796416,48.824669,2.384272
8jhok49ioq2z1qey83axiz,155974039796416,48.824669,2.384272
8jhok49ioq2z1qey83axiz,1237288693369856,48.82486300008,2.38461
8jhok49ioq2z1qey83axiz,3964111830340226,48.825039,2.384958
8jhok49ioq2z1qey83axiz,306946824328576,48.825199,2.385314
8jhok49ioq2z1qey83axiz,306946824328576,48.825199,2.385314
8jhok49ioq2z1qey83axiz,535455470946490,48.825352,2.385686
8jhok49ioq2z1qey83axiz,750692858949661,48.825493,2.386058
8jhok49ioq2z1qey83axiz,929549064477425,48.825626,2.386448
8jhok49ioq2z1qey83axiz,781736932478485,48.825756,2.386839
8jhok49ioq2z1qey83axiz,3933866786669080,48.82589,2.387239
8jhok49ioq2z1qey83axiz,3933866786669080,48.82589,2.387239
8jhok49ioq2z1qey83axiz,806001056979515,48.826019,2.387627
8jhok49ioq2z1qey83axiz,859900391576192,48.82614900009,2.388015
8jhok49ioq2z1qey83axiz,2975936605969046,48.826283,2.388401
8jhok49ioq2z1qey83axiz,2975936605969046,48.826283,2.388401
8jhok49ioq2z1qey83axiz,1179363455843201,48.826416,2.3888
8jhok49ioq2z1qey83axiz,462782698360842,48.826553,2.389189
8jhok49ioq2z1qey83axiz,462782698360842,48.826553,2.389189
8jhok49ioq2z1qey83axiz,490039028907891,48.826687,2.389587
8jhok49ioq2z1qey83axiz,490039028907891,48.826687,2.389587
8jhok49ioq2z1qey83axiz,490039028907891,48.826687,2.389587
8jhok49ioq2z1qey83axiz,490039028907891,48.826687,2.389587
8jhok49ioq2z1qey83axiz,485386942667340,48.826878,2.390147
8jhok49ioq2z1qey83axiz,485386942667340,48.826878,2.390147
8jhok49ioq2z1qey83axiz,3083731721848219,48.826931000087,2.3903029999332
8jhok49ioq2z1qey83axiz,292309089236674,48.827019,2.390573
8jhok49ioq2z1qey83axiz,910264313092793,48.827103000098,2.390804
8jhok49ioq2z1qey83axiz,552312399086025,48.827168,2.391008
8jhok49ioq2z1qey83axiz,552312399086025,48.827168,2.391008
8jhok49ioq2z1qey83axiz,486316762601992,48.827225,2.391191
8jhok49ioq2z1qey83axiz,2923749687903407,48.827274,2.391355
8jhok49ioq2z1qey83axiz,292090772658719,48.827312,2.39151
8jhok49ioq2z1qey83axiz,135147025297397,48.827351,2.391661
8jhok49ioq2z1qey83axiz,2594385327529424,48.827389,2.391812
8jhok49ioq2z1qey83axiz,505859213880976,48.827427,2.391992
8jhok49ioq2z1qey83axiz,2898200153791080,48.827461,2.392163
8jhok49ioq2z1qey83axiz,2898200153791080,48.827461,2.392163
8jhok49ioq2z1qey83axiz,4316811965009028,48.827492,2.392338
8jhok49ioq2z1qey83axiz,271115121403217,48.827518,2.3925
8jhok49ioq2z1qey83axiz,364686368319004,48.827541,2.392648
8jhok49ioq2z1qey83axiz,1181020548985506,48.82756,2.392772
8jhok49ioq2z1qey83axiz,535023414158942,48.827572,2.392878
8jhok49ioq2z1qey83axiz,213040026988658,48.82758299993,2.392965
8jhok49ioq2z1qey83axiz,279036927223152,48.827587,2.393034
8jhok49ioq2z1qey83axiz,364655151656009,48.827602,2.393137
8jhok49ioq2z1qey83axiz,364655151656009,48.827602,2.393137
8jhok49ioq2z1qey83axiz,364655151656009,48.827602,2.393137
8jhok49ioq2z1qey83axiz,364655151656009,48.827602,2.393137
8jhok49ioq2z1qey83axiz,364655151656009,48.827602,2.393137
8jhok49ioq2z1qey83axiz,982232532609019,48.827618,2.393271
8jhok49ioq2z1qey83axiz,982232532609019,48.827618,2.393271
8jhok49ioq2z1qey83axiz,982232532609019,48.827618,2.393271
8jhok49ioq2z1qey83axiz,164461872270569,48.827637000101,2.393431
8jhok49ioq2z1qey83axiz,164461872270569,48.827637000101,2.393431
8jhok49ioq2z1qey83axiz,520411515629459,48.82766,2.39362
8jhok49ioq2z1qey83axiz,520411515629459,48.82766,2.39362
8jhok49ioq2z1qey83axiz,520411515629459,48.82766,2.39362
8jhok49ioq2z1qey83axiz,1343177732732862,48.827682,2.393816
8jhok49ioq2z1qey83axiz,1343177732732862,48.827682,2.393816
8jhok49ioq2z1qey83axiz,214308950162229,48.827705,2.3940209999081
8jhok49ioq2z1qey83axiz,308247700658880,48.827732,2.394244
8jhok49ioq2z1qey83axiz,864225941142585,48.827762999908,2.394494
8jhok49ioq2z1qey83axiz,2922206944728725,48.827793,2.394757
8jhok49ioq2z1qey83axiz,2922206944728725,48.827793,2.394757
8jhok49ioq2z1qey83axiz,6341041595921399,48.827835,2.395043
8jhok49ioq2z1qey83axiz,315236133291024,48.827885,2.395354
8jhok49ioq2z1qey83axiz,132367612212366,48.827953000075,2.395681
8jhok49ioq2z1qey83axiz,477159630263642,48.828026,2.396008
8jhok49ioq2z1qey83axiz,477159630263642,48.828026,2.396008
8jhok49ioq2z1qey83axiz,182827527026647,48.828098,2.396321
8jhok49ioq2z1qey83axiz,1122963231542084,48.82819,2.396732
8jhok49ioq2z1qey83axiz,473005007147262,48.828259,2.397014
8jhok49ioq2z1qey83axiz,465537087844932,48.828354,2.397426
8jhok49ioq2z1qey83axiz,817721765526921,48.828396,2.397602
8jhok49ioq2z1qey83axiz,933852040708166,48.828503,2.398063
8jhok49ioq2z1qey83axiz,210310880646434,48.828571,2.398368
8jhok49ioq2z1qey83axiz,203584791380587,48.82864,2.398679
8jhok49ioq2z1qey83axiz,530171528359859,48.828716,2.399004
8jhok49ioq2z1qey83axiz,388060422311486,48.828796,2.39935
8jhok49ioq2z1qey83axiz,157529779708616,48.828899000112,2.399708
8jhok49ioq2z1qey83axiz,157529779708616,48.828899000112,2.399708
8jhok49ioq2z1qey83axiz,226523375902076,48.829023499886,2.4000645
8jhok49ioq2z1qey83axiz,226523375902076,48.829023499886,2.4000645
8jhok49ioq2z1qey83axiz,370834904298709,48.829166,2.40042
8jhok49ioq2z1qey83axiz,370834904298709,48.829166,2.40042
8jhok49ioq2z1qey83axiz,370834904298709,48.829166,2.40042
8jhok49ioq2z1qey83axiz,370834904298709,48.829166,2.40042
8jhok49ioq2z1qey83axiz,370834904298709,48.829166,2.40042
8jhok49ioq2z1qey83axiz,286446039808033,48.829342,2.400787
8jhok49ioq2z1qey83axiz,286446039808033,48.829342,2.400787
8jhok49ioq2z1qey83axiz,286446039808033,48.829342,2.400787
8jhok49ioq2z1qey83axiz,286446039808033,48.829342,2.400787
8jhok49ioq2z1qey83axiz,214586900143956,48.829548,2.401145
8jhok49ioq2z1qey83axiz,214586900143956,48.829548,2.401145
8jhok49ioq2z1qey83axiz,214586900143956,48.829548,2.401145
8jhok49ioq2z1qey83axiz,214586900143956,48.829548,2.401145
8jhok49ioq2z1qey83axiz,214586900143956,48.829548,2.401145
8jhok49ioq2z1qey83axiz,3899496806827254,48.829773,2.40149
8jhok49ioq2z1qey83axiz,3899496806827254,48.829773,2.40149
8jhok49ioq2z1qey83axiz,3899496806827254,48.829773,2.40149
8jhok49ioq2z1qey83axiz,3899496806827254,48.829773,2.40149
8jhok49ioq2z1qey83axiz,3899496806827254,48.829773,2.40149
8jhok49ioq2z1qey83axiz,3899496806827254,48.829773,2.40149
8jhok49ioq2z1qey83axiz,460589625229631,48.830002,2.401819
8jhok49ioq2z1qey83axiz,460589625229631,48.830002,2.401819
8jhok49ioq2z1qey83axiz,460589625229631,48.830002,2.401819
8jhok49ioq2z1qey83axiz,460589625229631,48.830002,2.401819
8jhok49ioq2z1qey83axiz,460589625229631,48.830002,2.401819
8jhok49ioq2z1qey83axiz,222200709245207,48.830193000084,2.40212
8jhok49ioq2z1qey83axiz,222200709245207,48.830193000084,2.40212
8jhok49ioq2z1qey83axiz,222200709245207,48.830193000084,2.40212
8jhok49ioq2z1qey83axiz,222200709245207,48.830193000084,2.40212
8jhok49ioq2z1qey83axiz,491877095577451,48.830399,2.402431
8jhok49ioq2z1qey83axiz,491877095577451,48.830399,2.402431
8jhok49ioq2z1qey83axiz,938231873590122,48.830593,2.402735
8jhok49ioq2z1qey83axiz,494918691849008,48.830776,2.40302
8jhok49ioq2z1qey83axiz,494918691849008,48.830776,2.40302
8jhok49ioq2z1qey83axiz,480371313281300,48.830944,2.403285
8jhok49ioq2z1qey83axiz,250138293527126,48.8311,2.403548
8jhok49ioq2z1qey83axiz,2586272384999012,48.831249,2.403806
8jhok49ioq2z1qey83axiz,261949952333810,48.831402,2.404065
8jhok49ioq2z1qey83axiz,296101375337175,48.831554,2.404326
8jhok49ioq2z1qey83axiz,513914246640604,48.831721270011,2.404610910031
8jhok49ioq2z1qey83axiz,798820677724632,48.831887820023,2.4048987299868
8jhok49ioq2z1qey83axiz,163715135676789,48.832054359983,2.405186549977
8jhok49ioq2z1qey83axiz,234503175139665,48.832220909886,2.4054743599958
8jhok49ioq2z1qey83axiz,212478650384327,48.832387449892,2.4057621799652
8jhok49ioq2z1qey83axiz,211694617156172,48.832554,2.40605
8jhok49ioq2z1qey83axiz,2809031452697740,48.83271,2.40634
8jhok49ioq2z1qey83axiz,304253394528699,48.83284,2.40655
8jhok49ioq2z1qey83axiz,297189045189888,48.833033100029,2.4069386000067
8jhok49ioq2z1qey83axiz,297189045189888,48.833033100029,2.4069386000067
8jhok49ioq2z1qey83axiz,3786218288168204,48.833099,2.407113
8jhok49ioq2z1qey83axiz,302786001376332,48.833134,2.407183
8jhok49ioq2z1qey83axiz,3899873146776972,48.833182999887,2.407288
8jhok49ioq2z1qey83axiz,2983368991899367,48.833248,2.407425
8jhok49ioq2z1qey83axiz,2983368991899367,48.833248,2.407425
8jhok49ioq2z1qey83axiz,460052651758608,48.833336,2.407625
8jhok49ioq2z1qey83axiz,460052651758608,48.833336,2.407625
8jhok49ioq2z1qey83axiz,263547782118755,48.833427,2.407861
8jhok49ioq2z1qey83axiz,263547782118755,48.833427,2.407861
8jhok49ioq2z1qey83axiz,263547782118755,48.833427,2.407861
8jhok49ioq2z1qey83axiz,1738348386352126,48.833538,2.408158
8jhok49ioq2z1qey83axiz,1738348386352126,48.833538,2.408158
8jhok49ioq2z1qey83axiz,1738348386352126,48.833538,2.408158
8jhok49ioq2z1qey83axiz,240761474464675,48.833649,2.408474
8jhok49ioq2z1qey83axiz,566420108051398,48.833767,2.408816
8jhok49ioq2z1qey83axiz,566420108051398,48.833767,2.408816
8jhok49ioq2z1qey83axiz,935672157184114,48.833893,2.409177
8jhok49ioq2z1qey83axiz,935672157184114,48.833893,2.409177
8jhok49ioq2z1qey83axiz,533657101133292,48.83403325,2.4095441300514
8jhok49ioq2z1qey83axiz,533657101133292,48.83403325,2.4095441300514
8jhok49ioq2z1qey83axiz,1243625562706696,48.83418375,2.4099103800006
8jhok49ioq2z1qey83axiz,1243625562706696,48.83418375,2.4099103800006
8jhok49ioq2z1qey83axiz,300751301526030,48.834334249995,2.4102766199993
8jhok49ioq2z1qey83axiz,300751301526030,48.834334249995,2.4102766199993
8jhok49ioq2z1qey83axiz,300830888354764,48.834484750007,2.4106428700688
8jhok49ioq2z1qey83axiz,300830888354764,48.834484750007,2.4106428700688
8jhok49ioq2z1qey83axiz,300830888354764,48.834484750007,2.4106428700688
8jhok49ioq2z1qey83axiz,1821974737983943,48.834633,2.4109790000919
8jhok49ioq2z1qey83axiz,1821974737983943,48.834633,2.4109790000919
8jhok49ioq2z1qey83axiz,1821974737983943,48.834633,2.4109790000919
8jhok49ioq2z1qey83axiz,1821974737983943,48.834633,2.4109790000919
8jhok49ioq2z1qey83axiz,1821974737983943,48.834633,2.4109790000919
8jhok49ioq2z1qey83axiz,1821974737983943,48.834633,2.4109790000919
8jhok49ioq2z1qey83axiz,1821974737983943,48.834633,2.4109790000919
8jhok49ioq2z1qey83axiz,1821974737983943,48.834633,2.4109790000919
8jhok49ioq2z1qey83axiz,3043260435950163,48.834816,2.411234
8jhok49ioq2z1qey83axiz,3043260435950163,48.834816,2.411234
8jhok49ioq2z1qey83axiz,3043260435950163,48.834816,2.411234
8jhok49ioq2z1qey83axiz,1063210217538907,48.834984,2.411458
8jhok49ioq2z1qey83axiz,1063210217538907,48.834984,2.411458
8jhok49ioq2z1qey83axiz,962820771206291,48.835159,2.411633
8jhok49ioq2z1qey83axiz,806052780047226,48.835312,2.411775
8jhok49ioq2z1qey83axiz,806052780047226,48.835312,2.411775
8jhok49ioq2z1qey83axiz,782777825958065,48.835457,2.411918
8jhok49ioq2z1qey83axiz,1138443619970587,48.835697,2.412101
8jhok49ioq2z1qey83axiz,460569405022648,48.835777,2.412144
8jhok49ioq2z1qey83axiz,1479791082372795,48.835922,2.412229
8jhok49ioq2z1qey83axiz,896533014528047,48.836166,2.4123309999314
8jhok49ioq2z1qey83axiz,557879648515389,48.836361,2.412405
8jhok49ioq2z1qey83axiz,1118128885353391,48.836544,2.412474
8jhok49ioq2z1qey83axiz,782331446009169,48.836689,2.41252
8jhok49ioq2z1qey83axiz,289549569541348,48.836876,2.4125830001212
8jhok49ioq2z1qey83axiz,477442607009556,48.837097,2.41266
8jhok49ioq2z1qey83axiz,1459463057719384,48.837337,2.41274
8jhok49ioq2z1qey83axiz,579587909624574,48.837593,2.412824
8jhok49ioq2z1qey83axiz,579587909624574,48.837593,2.412824
8jhok49ioq2z1qey83axiz,2960320060891875,48.837841,2.4129064999664
8jhok49ioq2z1qey83axiz,215424973373362,48.838078,2.412982
8jhok49ioq2z1qey83axiz,546327210074424,48.838322,2.413055
8jhok49ioq2z1qey83axiz,330988671703271,48.838562,2.413122
8jhok49ioq2z1qey83axiz,330988671703271,48.838562,2.413122
8jhok49ioq2z1qey83axiz,773149243396257,48.838787,2.413188
8jhok49ioq2z1qey83axiz,2844602189134827,48.839005,2.413251
8jhok49ioq2z1qey83axiz,845432196068939,48.839211,2.4133130001312
8jhok49ioq2z1qey83axiz,491657725415037,48.839413,2.413373
8jhok49ioq2z1qey83axiz,828726347731503,48.839615,2.413432
8jhok49ioq2z1qey83axiz,828726347731503,48.839615,2.413432
8jhok49ioq2z1qey83axiz,506120990429815,48.839825,2.413491
8jhok49ioq2z1qey83axiz,295039045457755,48.840065,2.413549
8jhok49ioq2z1qey83axiz,295039045457755,48.840065,2.413549
8jhok49ioq2z1qey83axiz,287302663030186,48.840332,2.413604
8jhok49ioq2z1qey83axiz,287302663030186,48.840332,2.413604
8jhok49ioq2z1qey83axiz,954717785288247,48.840595,2.413647
8jhok49ioq2z1qey83axiz,954717785288247,48.840595,2.413647
8jhok49ioq2z1qey83axiz,379150919978625,48.840855,2.41368
8jhok49ioq2z1qey83axiz,379150919978625,48.840855,2.41368
8jhok49ioq2z1qey83axiz,569708857332796,48.841106,2.413702
8jhok49ioq2z1qey83axiz,569708857332796,48.841106,2.413702
8jhok49ioq2z1qey83axiz,298708295199075,48.841347,2.413723
8jhok49ioq2z1qey83axiz,298708295199075,48.841347,2.413723
8jhok49ioq2z1qey83axiz,2580346652271447,48.841583,2.413741
8jhok49ioq2z1qey83axiz,2945731482413397,48.84182,2.41376
8jhok49ioq2z1qey83axiz,233645431846353,48.842056,2.413775
8jhok49ioq2z1qey83axiz,480661279700808,48.8423,2.413794
8jhok49ioq2z1qey83axiz,480661279700808,48.8423,2.413794
8jhok49ioq2z1qey83axiz,449186932847167,48.842548,2.413812
8jhok49ioq2z1qey83axiz,937271890383988,48.842804,2.413831
8jhok49ioq2z1qey83axiz,836154050317076,48.843094,2.413852
8jhok49ioq2z1qey83axiz,836154050317076,48.843094,2.413852
8jhok49ioq2z1qey83axiz,128525979234291,48.843388,2.413883
8jhok49ioq2z1qey83axiz,128525979234291,48.843388,2.413883
8jhok49ioq2z1qey83axiz,2712585688962161,48.843674,2.413929
8jhok49ioq2z1qey83axiz,2712585688962161,48.843674,2.413929
8jhok49ioq2z1qey83axiz,191221752725570,48.84396,2.413985
8jhok49ioq2z1qey83axiz,475274920419476,48.844242,2.414045
8jhok49ioq2z1qey83axiz,475274920419476,48.844242,2.414045
8jhok49ioq2z1qey83axiz,4131292183593591,48.844521,2.414102
8jhok49ioq2z1qey83axiz,3684086625150511,48.844788,2.414154
8jhok49ioq2z1qey83axiz,3684086625150511,48.844788,2.414154
8jhok49ioq2z1qey83axiz,3804612366260164,48.845036,2.414205
8jhok49ioq2z1qey83axiz,919925582177047,48.84528,2.414256
8jhok49ioq2z1qey83axiz,348576533304372,48.845776,2.414358
8jhok49ioq2z1qey83axiz,739906860033708,48.846012,2.414408
8jhok49ioq2z1qey83axiz,295258908840011,48.846241,2.414457
8jhok49ioq2z1qey83axiz,475839636868026,48.846439,2.414498
8jhok49ioq2z1qey83axiz,291389905943455,48.846741,2.414556
8jhok49ioq2z1qey83axiz,868576037057838,48.846909,2.414595
8jhok49ioq2z1qey83axiz,1227349934347503,48.847095,2.414634
8jhok49ioq2z1qey83axiz,161450859152519,48.847439,2.414708
8jhok49ioq2z1qey83axiz,977882196349325,48.847511,2.414725
8jhok49ioq2z1qey83axiz,131768888896761,48.847694,2.414764
8jhok49ioq2z1qey83axiz,381373903060688,48.847908,2.414812
8jhok49ioq2z1qey83axiz,156546946473240,48.848140999866,2.414858
8jhok49ioq2z1qey83axiz,496077125068377,48.848389,2.414914
8jhok49ioq2z1qey83axiz,3039022449659963,48.848625,2.41496
8jhok49ioq2z1qey83axiz,3039022449659963,48.848625,2.41496
8jhok49ioq2z1qey83axiz,761570591200253,48.848862,2.41501
8jhok49ioq2z1qey83axiz,2835006163429250,48.849125,2.415065
8jhok49ioq2z1qey83axiz,954541548683581,48.849415,2.415124
8jhok49ioq2z1qey83axiz,176881204309271,48.849712,2.415184
8jhok49ioq2z1qey83axiz,176881204309271,48.849712,2.415184
8jhok49ioq2z1qey83axiz,314781270023143,48.849990999836,2.415243
8jhok49ioq2z1qey83axiz,1386313231747828,48.850273,2.415299
8jhok49ioq2z1qey83axiz,805540780104633,48.85059,2.41535
8jhok49ioq2z1qey83axiz,837905077078931,48.850906,2.415365
8jhok49ioq2z1qey83axiz,240923697786301,48.851215,2.415334
8jhok49ioq2z1qey83axiz,878840396358217,48.851521,2.415258
8jhok49ioq2z1qey83axiz,3931518306940039,48.851814,2.41514
8jhok49ioq2z1qey83axiz,198628878605282,48.852108,2.414988
8jhok49ioq2z1qey83axiz,2030474513761557,48.852421,2.4148110001387
8jhok49ioq2z1qey83axiz,2030474513761557,48.852421,2.4148110001387
8jhok49ioq2z1qey83axiz,1059424731248715,48.852734,2.414626
8jhok49ioq2z1qey83axiz,145974830831996,48.853043,2.414469
8jhok49ioq2z1qey83axiz,566882617635481,48.853352,2.41434
8jhok49ioq2z1qey83axiz,297652465025770,48.853645,2.414229
8jhok49ioq2z1qey83axiz,297652465025770,48.853645,2.414229
8jhok49ioq2z1qey83axiz,375571523705797,48.853928,2.414133
8jhok49ioq2z1qey83axiz,814346549203017,48.854198,2.414065
8jhok49ioq2z1qey83axiz,814346549203017,48.854198,2.414065
8jhok49ioq2z1qey83axiz,486909439057148,48.854488,2.414018
8jhok49ioq2z1qey83axiz,487287009140168,48.854782,2.414004
8jhok49ioq2z1qey83axiz,487287009140168,48.854782,2.414004
8jhok49ioq2z1qey83axiz,487287009140168,48.854782,2.414004
8jhok49ioq2z1qey83axiz,192518252707514,48.855217,2.414036
8jhok49ioq2z1qey83axiz,192518252707514,48.855217,2.414036
8jhok49ioq2z1qey83axiz,192518252707514,48.855217,2.414036
8jhok49ioq2z1qey83axiz,861879294366729,48.85535,2.414052
8jhok49ioq2z1qey83axiz,207970910903537,48.855614,2.414078
8jhok49ioq2z1qey83axiz,922043538370572,48.855873,2.414102
8jhok49ioq2z1qey83axiz,922043538370572,48.855873,2.414102
8jhok49ioq2z1qey83axiz,150884243710124,48.85611,2.414124
8jhok49ioq2z1qey83axiz,932830707470528,48.856342,2.414144
8jhok49ioq2z1qey83axiz,932830707470528,48.856342,2.414144
8jhok49ioq2z1qey83axiz,791295951521749,48.85656,2.414162
8jhok49ioq2z1qey83axiz,133108045511772,48.856762,2.414183
8jhok49ioq2z1qey83axiz,221819499283950,48.856968,2.414208
8jhok49ioq2z1qey83axiz,321683756057401,48.857178,2.41425
8jhok49ioq2z1qey83axiz,245279090710895,48.857376,2.414292
8jhok49ioq2z1qey83axiz,860020541527997,48.857582,2.414313
8jhok49ioq2z1qey83axiz,766570970674222,48.85778,2.414332
8jhok49ioq2z1qey83axiz,150309830395871,48.857983,2.4143530001253
8jhok49ioq2z1qey83axiz,758301648162549,48.858196,2.4143710000771
8jhok49ioq2z1qey83axiz,814497395840753,48.858421,2.414384
8jhok49ioq2z1qey83axiz,1003086737098255,48.858646,2.414386
8jhok49ioq2z1qey83axiz,468095690939333,48.858879,2.414375
8jhok49ioq2z1qey83axiz,758397998177317,48.859116,2.414362
8jhok49ioq2z1qey83axiz,966303444175860,48.859329,2.414342
8jhok49ioq2z1qey83axiz,1879643815536088,48.859524,2.414317000113
8jhok49ioq2z1qey83axiz,323110499227807,48.859695,2.414292
8jhok49ioq2z1qey83axiz,504853437318003,48.859833,2.414268
8jhok49ioq2z1qey83axiz,2920851601501164,48.859976,2.414247
8jhok49ioq2z1qey83axiz,1433942063611608,48.860165,2.4142170001258
8jhok49ioq2z1qey83axiz,228491299037489,48.860413,2.4141789998879
8jhok49ioq2z1qey83axiz,228491299037489,48.860413,2.4141789998879
8jhok49ioq2z1qey83axiz,920221078757730,48.86068,2.414135
8jhok49ioq2z1qey83axiz,1135687643562592,48.860943,2.4140969998814
8jhok49ioq2z1qey83axiz,1135687643562592,48.860943,2.4140969998814
8jhok49ioq2z1qey83axiz,1630219740506118,48.861198499966,2.41406
8jhok49ioq2z1qey83axiz,131514445681951,48.861458,2.414034
8jhok49ioq2z1qey83axiz,775037029812797,48.861713000089,2.414025
8jhok49ioq2z1qey83axiz,775037029812797,48.861713000089,2.414025
8jhok49ioq2z1qey83axiz,821725838752192,48.861961,2.414019
8jhok49ioq2z1qey83axiz,515099666158467,48.862194,2.414022
8jhok49ioq2z1qey83axiz,829624674620044,48.862438,2.41403
8jhok49ioq2z1qey83axiz,2871085033162193,48.862675,2.41404
8jhok49ioq2z1qey83axiz,288595796227788,48.863165,2.41407
8jhok49ioq2z1qey83axiz,288595796227788,48.863165,2.41407
8jhok49ioq2z1qey83axiz,274187150959221,48.8633975,2.4140904999775
8jhok49ioq2z1qey83axiz,365982151502291,48.863625,2.4141309998791
8jhok49ioq2z1qey83axiz,296115495425649,48.864037,2.414394
8jhok49ioq2z1qey83axiz,296115495425649,48.864037,2.414394
8jhok49ioq2z1qey83axiz,1441222589564874,48.864258,2.414652
8jhok49ioq2z1qey83axiz,471347714086538,48.864440999902,2.414986
8jhok49ioq2z1qey83axiz,243311994112918,48.864601,2.415353
8jhok49ioq2z1qey83axiz,615528242737953,48.864758,2.41574
8jhok49ioq2z1qey83axiz,615528242737953,48.864758,2.41574
8jhok49ioq2z1qey83axiz,477807290169728,48.86491,2.416133
8jhok49ioq2z1qey83axiz,467647754345695,48.865036,2.416528
8jhok49ioq2z1qey83axiz,974604959740655,48.865128,2.416943
8jhok49ioq2z1qey83axiz,158988329409555,48.865188999861,2.417386
8jhok49ioq2z1qey83axiz,522870959093482,48.865215,2.417852
8jhok49ioq2z1qey83axiz,195432682416126,48.86522300013,2.418248
8jhok49ioq2z1qey83axiz,827915467823429,48.865234,2.418494
8jhok49ioq2z1qey83axiz,162594465692941,48.865264200045,2.419042
8jhok49ioq2z1qey83axiz,219031109622517,48.865299,2.419466
8jhok49ioq2z1qey83axiz,1366862787009537,48.865364,2.419892
8jhok49ioq2z1qey83axiz,789408318629479,48.865475,2.420443
8jhok49ioq2z1qey83axiz,544656563187266,48.865574,2.420853
8jhok49ioq2z1qey83axiz,211433817168123,48.865662,2.421235
8jhok49ioq2z1qey83axiz,181661073809994,48.865788,2.42179
8jhok49ioq2z1qey83axiz,133854932104597,48.865882999858,2.422191
8jhok49ioq2z1qey83axiz,795123757789680,48.865978,2.422589
8jhok49ioq2z1qey83axiz,856218415237372,48.866051,2.422885
