9ax8up9b5cptf92ueyowam,926095018186699,48.809879,2.317065
9ax8up9b5cptf92ueyowam,290297319371071,48.809872,2.317095
9ax8up9b5cptf92ueyowam,2322647501213276,48.809800599965,2.3171928
9ax8up9b5cptf92ueyowam,296262775475973,48.809798999921,2.317201
9ax8up9b5cptf92ueyowam,480029213205015,48.809788,2.317318
9ax8up9b5cptf92ueyowam,184567086845534,48.809784,2.317488
9ax8up9b5cptf92ueyowam,1165473603896816,48.809806999916,2.317718
9ax8up9b5cptf92ueyowam,185918623379574,48.809853,2.317974
9ax8up9b5cptf92ueyowam,870181850233294,48.809906,2.318426
9ax8up9b5cptf92ueyowam,974364479974130,48.809925,2.318597
9ax8up9b5cptf92ueyowam,1097703920727681,48.809956,2.318959
9ax8up9b5cptf92ueyowam,209427564031845,48.809952,2.319349
9ax8up9b5cptf92ueyowam,249639033609191,48.809921,2.319735
9ax8up9b5cptf92ueyowam,823883541560385,48.809887,2.320116
9ax8up9b5cptf92ueyowam,164089328887718,48.809845,2.320492
9ax8up9b5cptf92ueyowam,295427488747640,48.809811,2.320881
9ax8up9b5cptf92ueyowam,2888215914732531,48.809772,2.321256
9ax8up9b5cptf92ueyowam,476914996882521,48.809738,2.321635
9ax8up9b5cptf92ueyowam,467694534442243,48.809708,2.322008
9ax8up9b5cptf92ueyowam,578974689749309,48.809689,2.322377
9ax8up9b5cptf92ueyowam,160152209446986,48.809677,2.322734
9ax8up9b5cptf92ueyowam,871713406892486,48.809666,2.323088
9ax8up9b5cptf92ueyowam,178494264028344,48.809654,2.323419
9ax8up9b5cptf92ueyowam,325435575643406,48.809639,2.323743
9ax8up9b5cptf92ueyowam,1387395414952860,48.809631,2.324042
9ax8up9b5cptf92ueyowam,475803567207956,48.80962,2.324327
9ax8up9b5cptf92ueyowam,506349017189093,48.809612,2.324579
9ax8up9b5cptf92ueyowam,375677670338559,48.809608,2.324817
9ax8up9b5cptf92ueyowam,514489963043915,48.809597,2.325024
9ax8up9b5cptf92ueyowam,1429703850702525,48.809586,2.325131
9ax8up9b5cptf92ueyowam,1084835132011722,48.809578,2.32517
9ax8up9b5cptf92ueyowam,474501610431056,48.809563,2.325247
9ax8up9b5cptf92ueyowam,1398342743852688,48.809555,2.325393
9ax8up9b5cptf92ueyowam,1184206545332548,48.809532,2.3256
9ax8up9b5cptf92ueyowam,1673316183055818,48.809494,2.325841
9ax8up9b5cptf92ueyowam,214418863448842,48.809452,2.326094
9ax8up9b5cptf92ueyowam,4024218784293699,48.809425,2.326338
9ax8up9b5cptf92ueyowam,363803981734849,48.809437,2.326582
9ax8up9b5cptf92ueyowam,464214851321683,48.809505,2.326786
9ax8up9b5cptf92ueyowam,797194500912036,48.809601,2.326921
9ax8up9b5cptf92ueyowam,503996577450138,48.809708,2.327035
9ax8up9b5cptf92ueyowam,905729056914208,48.809788,2.32711
9ax8up9b5cptf92ueyowam,160264389293759,48.809798999921,2.327136
9ax8up9b5cptf92ueyowam,306443431145650,48.809792749985,2.3271775
9ax8up9b5cptf92ueyowam,270178171480858,48.809802250058,2.3271864999628
9ax8up9b5cptf92ueyowam,368246214565425,48.809837,2.327213
9ax8up9b5cptf92ueyowam,288896359527303,48.809883,2.327439
9ax8up9b5cptf92ueyowam,3219594248267587,48.809834,2.32761
9ax8up9b5cptf92ueyowam,907828036442515,48.809767330017,2.327829
9ax8up9b5cptf92ueyowam,289481276241612,48.809696,2.3280710000895
9ax8up9b5cptf92ueyowam,826936751242928,48.80962,2.328316
9ax8up9b5cptf92ueyowam,1094266234427974,48.809528,2.328606
9ax8up9b5cptf92ueyowam,168819075055121,48.809425,2.328887
9ax8up9b5cptf92ueyowam,197535932212090,48.809353,2.329106
9ax8up9b5cptf92ueyowam,580554956671504,48.809307,2.329226
9ax8up9b5cptf92ueyowam,381826516382199,48.809265,2.329346
9ax8up9b5cptf92ueyowam,928663797920042,48.809231,2.329495
9ax8up9b5cptf92ueyowam,2873073509599475,48.809181000073,2.329664
9ax8up9b5cptf92ueyowam,532300021107124,48.809128,2.32983
9ax8up9b5cptf92ueyowam,927442764688769,48.809067,2.330005
9ax8up9b5cptf92ueyowam,492246945162537,48.809006,2.330179
9ax8up9b5cptf92ueyowam,607309120229389,48.808964,2.330312
9ax8up9b5cptf92ueyowam,290984069197683,48.808933,2.330404
9ax8up9b5cptf92ueyowam,2974438636124070,48.80891,2.330456
9ax8up9b5cptf92ueyowam,466956741227048,48.808901,2.3304805000483
9ax8up9b5cptf92ueyowam,286582806427067,48.808876,2.3305189999097
9ax8up9b5cptf92ueyowam,316721919799539,48.808872,2.330531
9ax8up9b5cptf92ueyowam,3920643381351931,48.808834,2.330616
9ax8up9b5cptf92ueyowam,487789309089844,48.808769,2.3307229999028
9ax8up9b5cptf92ueyowam,820998285508234,48.808697,2.33086
9ax8up9b5cptf92ueyowam,497950134888371,48.80864,2.33103
9ax8up9b5cptf92ueyowam,448819029746127,48.808605,2.3312110001233
9ax8up9b5cptf92ueyowam,1745272112319433,48.808556,2.331374
9ax8up9b5cptf92ueyowam,142947051135397,48.808533,2.331448
9ax8up9b5cptf92ueyowam,480885036464603,48.808531,2.3314545000713
9ax8up9b5cptf92ueyowam,1370506783334051,48.808517,2.3314957500153
9ax8up9b5cptf92ueyowam,849034359301069,48.808517,2.3314985800497
9ax8up9b5cptf92ueyowam,829305924654944,48.808521,2.331524
9ax8up9b5cptf92ueyowam,920104092155868,48.808552,2.331608
9ax8up9b5cptf92ueyowam,950007649134885,48.80867,2.331764
9ax8up9b5cptf92ueyowam,464867281411240,48.80872,2.331824
9ax8up9b5cptf92ueyowam,921261088698421,48.808815,2.331934
9ax8up9b5cptf92ueyowam,293309955549171,48.808887,2.331997
9ax8up9b5cptf92ueyowam,304819647827085,48.808929,2.332054
9ax8up9b5cptf92ueyowam,492307121815931,48.808979,2.332129
9ax8up9b5cptf92ueyowam,488722835586807,48.809071,2.332257
9ax8up9b5cptf92ueyowam,982166609219512,48.809181000073,2.332386
9ax8up9b5cptf92ueyowam,3713224378807004,48.809311000085,2.332543
9ax8up9b5cptf92ueyowam,183140373671848,48.809437,2.332686
9ax8up9b5cptf92ueyowam,1373628916346926,48.809547,2.332815
9ax8up9b5cptf92ueyowam,314505436699628,48.809608,2.332905
9ax8up9b5cptf92ueyowam,4036736279721289,48.809643,2.332947
9ax8up9b5cptf92ueyowam,1164057997349437,48.809689,2.3329970001154
9ax8up9b5cptf92ueyowam,391589211940502,48.809772,2.333086
9ax8up9b5cptf92ueyowam,1497075787153173,48.809872,2.3331729998397
9ax8up9b5cptf92ueyowam,2854522941480329,48.809952,2.333272
9ax8up9b5cptf92ueyowam,754807281783754,48.810043,2.333388
9ax8up9b5cptf92ueyowam,995687117845663,48.810169000069,2.333517
9ax8up9b5cptf92ueyowam,1108463329648611,48.810295,2.33367
9ax8up9b5cptf92ueyowam,463060721450757,48.810421,2.333833
9ax8up9b5cptf92ueyowam,160617209333891,48.810551,2.33399
9ax8up9b5cptf92ueyowam,212348000657283,48.810684,2.334126
9ax8up9b5cptf92ueyowam,876765916241259,48.810791,2.334244
9ax8up9b5cptf92ueyowam,5417215238353897,48.810844,2.334379
9ax8up9b5cptf92ueyowam,2949022085370782,48.810867,2.334553
9ax8up9b5cptf92ueyowam,946691199418348,48.810886,2.334768
9ax8up9b5cptf92ueyowam,236742388247010,48.810905,2.334995
9ax8up9b5cptf92ueyowam,873909653166826,48.810928,2.335233
9ax8up9b5cptf92ueyowam,3538435059714494,48.810955,2.33547
9ax8up9b5cptf92ueyowam,234244445163291,48.810978,2.335725
9ax8up9b5cptf92ueyowam,5445706002168283,48.811005,2.335995
9ax8up9b5cptf92ueyowam,1046600002411927,48.811024,2.336283
9ax8up9b5cptf92ueyowam,501972507665478,48.811043,2.336574
9ax8up9b5cptf92ueyowam,277739880660758,48.811058,2.336828
9ax8up9b5cptf92ueyowam,855983205261976,48.811054,2.337055
9ax8up9b5cptf92ueyowam,932750754231090,48.811035,2.337233
9ax8up9b5cptf92ueyowam,196846462252357,48.810988999899,2.337475
9ax8up9b5cptf92ueyowam,904018050390920,48.81097,2.337559
9ax8up9b5cptf92ueyowam,164397852162564,48.810928,2.337735
9ax8up9b5cptf92ueyowam,2525826267726095,48.810883,2.337918
9ax8up9b5cptf92ueyowam,485511636203649,48.810844,2.338095
9ax8up9b5cptf92ueyowam,2877680669113843,48.81081,2.338273
9ax8up9b5cptf92ueyowam,495550948537926,48.810806,2.338463
9ax8up9b5cptf92ueyowam,374472557250968,48.815769000109,2.3443730001103
9ax8up9b5cptf92ueyowam,4207936422591061,48.815887,2.344359
9ax8up9b5cptf92ueyowam,363267038446824,48.816020999843,2.344368
9ax8up9b5cptf92ueyowam,615983292709066,48.816147,2.344372
9ax8up9b5cptf92ueyowam,282236646597887,48.816212,2.344504
9ax8up9b5cptf92ueyowam,274203637721044,48.816212,2.344718
9ax8up9b5cptf92ueyowam,147972964004782,48.816204,2.344983
9ax8up9b5cptf92ueyowam,141896127945376,48.8162,2.345242
9ax8up9b5cptf92ueyowam,501537264537193,48.816193,2.345538
9ax8up9b5cptf92ueyowam,476493977000505,48.816181,2.3458430001137
9ax8up9b5cptf92ueyowam,2999315686965754,48.816185,2.346138
9ax8up9b5cptf92ueyowam,284326066755199,48.816216,2.346418
9ax8up9b5cptf92ueyowam,883433455537742,48.816257,2.346686
9ax8up9b5cptf92ueyowam,533526888033870,48.816299,2.346891
9ax8up9b5cptf92ueyowam,839464836918729,48.81633,2.347025
9ax8up9b5cptf92ueyowam,1945399755612717,48.816357000154,2.34712
9ax8up9b5cptf92ueyowam,819832895618062,48.816376,2.3471910000991
9ax8up9b5cptf92ueyowam,301341828175146,48.816399000112,2.347256
9ax8up9b5cptf92ueyowam,495972875088199,48.816414,2.347322
9ax8up9b5cptf92ueyowam,1140202886484451,48.816433,2.347358
9ax8up9b5cptf92ueyowam,207781847555606,48.816441,2.3473890000741
9ax8up9b5cptf92ueyowam,203096094747428,48.816452,2.347418
9ax8up9b5cptf92ueyowam,577917983175892,48.81646,2.347439
9ax8up9b5cptf92ueyowam,213367817259705,48.816475,2.347465
9ax8up9b5cptf92ueyowam,466925861082834,48.816486,2.347502
9ax8up9b5cptf92ueyowam,849155189010882,48.816502,2.347536
9ax8up9b5cptf92ueyowam,423879351999027,48.816513,2.347568
9ax8up9b5cptf92ueyowam,484155356338491,48.816528,2.347597
9ax8up9b5cptf92ueyowam,475211723683399,48.81654,2.34763
9ax8up9b5cptf92ueyowam,788227118361101,48.816550999882,2.347665
9ax8up9b5cptf92ueyowam,378245190124351,48.81657,2.347706
9ax8up9b5cptf92ueyowam,326938682279773,48.816588999841,2.347755
9ax8up9b5cptf92ueyowam,477987320093464,48.816612,2.34781
9ax8up9b5cptf92ueyowam,460865411875953,48.816639,2.347881
9ax8up9b5cptf92ueyowam,396707194985002,48.816681,2.3479830000844
9ax8up9b5cptf92ueyowam,492140558504580,48.81673,2.3481
9ax8up9b5cptf92ueyowam,1328337984233659,48.816784,2.3482289998933
9ax8up9b5cptf92ueyowam,367752424622139,48.816841,2.348365
9ax8up9b5cptf92ueyowam,925295474922228,48.816895,2.34849
9ax8up9b5cptf92ueyowam,203139924748533,48.816956,2.348617
9ax8up9b5cptf92ueyowam,336461774569339,48.817024,2.348767
9ax8up9b5cptf92ueyowam,929150877922659,48.817097,2.348967
9ax8up9b5cptf92ueyowam,850853985780824,48.817173,2.34918
9ax8up9b5cptf92ueyowam,856083854982433,48.817249,2.349388
9ax8up9b5cptf92ueyowam,195323172433598,48.817333,2.349578
9ax8up9b5cptf92ueyowam,851217885603346,48.817398,2.3497789998982
9ax8up9b5cptf92ueyowam,3948618568556061,48.817455,2.349968
9ax8up9b5cptf92ueyowam,285626486380376,48.817501,2.350129
9ax8up9b5cptf92ueyowam,243678090843373,48.817539,2.350266
9ax8up9b5cptf92ueyowam,197078698898490,48.817581,2.350371
9ax8up9b5cptf92ueyowam,3979490882116964,48.817616,2.350481
9ax8up9b5cptf92ueyowam,304805684459945,48.817638,2.350591
9ax8up9b5cptf92ueyowam,891386358076079,48.817661,2.350681
9ax8up9b5cptf92ueyowam,239017548011121,48.817684,2.350773
9ax8up9b5cptf92ueyowam,759622077936853,48.817703,2.350878
9ax8up9b5cptf92ueyowam,470132407375816,48.817719,2.350959
9ax8up9b5cptf92ueyowam,2874080962841226,48.81773,2.351014
9ax8up9b5cptf92ueyowam,504614624072265,48.817741,2.351082
9ax8up9b5cptf92ueyowam,201789618228501,48.817764,2.351199
9ax8up9b5cptf92ueyowam,465768281168137,48.817795,2.351377
9ax8up9b5cptf92ueyowam,749227425746759,48.817818,2.351574
9ax8up9b5cptf92ueyowam,507083260487277,48.817841,2.351788
9ax8up9b5cptf92ueyowam,494288695339168,48.817852,2.352012
9ax8up9b5cptf92ueyowam,507060830327966,48.817856,2.352228
9ax8up9b5cptf92ueyowam,937710403661791,48.817852,2.35242
9ax8up9b5cptf92ueyowam,485732649407600,48.817844,2.352559
9ax8up9b5cptf92ueyowam,168682811837028,48.817841,2.352633
9ax8up9b5cptf92ueyowam,3931412150287753,48.817837,2.352709
9ax8up9b5cptf92ueyowam,292108915708322,48.817833,2.352792
9ax8up9b5cptf92ueyowam,1114469089292169,48.817825,2.352881
9ax8up9b5cptf92ueyowam,542757503381469,48.817818,2.352987
9ax8up9b5cptf92ueyowam,299240058319491,48.817802,2.353102
9ax8up9b5cptf92ueyowam,322501542565276,48.817776,2.35325
9ax8up9b5cptf92ueyowam,924956661381528,48.817741,2.353403
9ax8up9b5cptf92ueyowam,3891115330944382,48.817711,2.353559
9ax8up9b5cptf92ueyowam,775151709870985,48.817677,2.353689
9ax8up9b5cptf92ueyowam,173996814602790,48.817654,2.353766
9ax8up9b5cptf92ueyowam,3904783052904646,48.817635,2.35382
9ax8up9b5cptf92ueyowam,2263862270414562,48.817631,2.353824
9ax8up9b5cptf92ueyowam,236659634915051,48.817627,2.353828
9ax8up9b5cptf92ueyowam,1805003096350774,48.817622200004,2.3538364
9ax8up9b5cptf92ueyowam,522475449125664,48.817619,2.353842
9ax8up9b5cptf92ueyowam,184721656725420,48.817596,2.353904
9ax8up9b5cptf92ueyowam,550103856378578,48.817547,2.354017
9ax8up9b5cptf92ueyowam,960211724722190,48.817482,2.354161
9ax8up9b5cptf92ueyowam,4040123616010881,48.817371,2.354369
9ax8up9b5cptf92ueyowam,250818316816295,48.81723,2.354579
9ax8up9b5cptf92ueyowam,512135399878002,48.817047,2.354818
9ax8up9b5cptf92ueyowam,3939769006136714,48.81686,2.355045
9ax8up9b5cptf92ueyowam,1062397857619308,48.816669,2.355283
9ax8up9b5cptf92ueyowam,908901873283715,48.816498,2.355531
9ax8up9b5cptf92ueyowam,323885582430420,48.81636,2.355804
9ax8up9b5cptf92ueyowam,2701652146793410,48.816254,2.356117
9ax8up9b5cptf92ueyowam,319201812972647,48.816174,2.356451
9ax8up9b5cptf92ueyowam,847908746079258,48.816132,2.356791
9ax8up9b5cptf92ueyowam,138661224913026,48.816100999888,2.357117
9ax8up9b5cptf92ueyowam,162200089052474,48.816078,2.357442
9ax8up9b5cptf92ueyowam,306236177544901,48.816059,2.357752
9ax8up9b5cptf92ueyowam,204147864637507,48.81604,2.35806
9ax8up9b5cptf92ueyowam,168125868539490,48.816020999843,2.358355
9ax8up9b5cptf92ueyowam,468598224197090,48.815987,2.358638
9ax8up9b5cptf92ueyowam,311256067068399,48.815952,2.358895
9ax8up9b5cptf92ueyowam,4053242334732366,48.815926,2.359121
9ax8up9b5cptf92ueyowam,320528246090913,48.815903000119,2.359264
9ax8up9b5cptf92ueyowam,304622624487354,48.815895,2.359314
9ax8up9b5cptf92ueyowam,363920138375678,48.815891000078,2.359333
9ax8up9b5cptf92ueyowam,521566195675170,48.81588,2.359361
9ax8up9b5cptf92ueyowam,273579947710771,48.815816519997,2.3602503299736
9ax8up9b5cptf92ueyowam,1113614642466987,48.815815760045,2.3602516699595
9ax8up9b5cptf92ueyowam,513627539648187,48.815815,2.360253
9ax8up9b5cptf92ueyowam,494741858380898,48.815735,2.362127
9ax8up9b5cptf92ueyowam,982870795793478,48.815769000109,2.362396
9ax8up9b5cptf92ueyowam,314821323418817,48.8158,2.362644
9ax8up9b5cptf92ueyowam,2550274995279008,48.815826,2.362914
9ax8up9b5cptf92ueyowam,813760739571159,48.815868,2.363357
9ax8up9b5cptf92ueyowam,210891350538701,48.815891000078,2.363502
9ax8up9b5cptf92ueyowam,1239727789814995,48.815968,2.363787
9ax8up9b5cptf92ueyowam,128212585964283,48.816055,2.364053
9ax8up9b5cptf92ueyowam,465578181401755,48.81617,2.3643010000848
9ax8up9b5cptf92ueyowam,3309128882523129,48.816284,2.3645469999253
9ax8up9b5cptf92ueyowam,455444805551766,48.816406,2.364799000102
9ax8up9b5cptf92ueyowam,938622513577655,48.816525,2.365061
9ax8up9b5cptf92ueyowam,495823498267352,48.816643,2.365325
9ax8up9b5cptf92ueyowam,1163579667424228,48.816765,2.365594
9ax8up9b5cptf92ueyowam,491905962244671,48.816887,2.365864
9ax8up9b5cptf92ueyowam,178242650820101,48.817005,2.366158
9ax8up9b5cptf92ueyowam,178269304170571,48.817123,2.366441
9ax8up9b5cptf92ueyowam,939985566762954,48.817265,2.366881
9ax8up9b5cptf92ueyowam,945892759296000,48.817314,2.367017
9ax8up9b5cptf92ueyowam,857497261472588,48.817406,2.367295
9ax8up9b5cptf92ueyowam,829830194283814,48.817493,2.367558
9ax8up9b5cptf92ueyowam,143520604412084,48.81757,2.367825
9ax8up9b5cptf92ueyowam,455521965740570,48.817741,2.36835
9ax8up9b5cptf92ueyowam,466023881371657,48.817829,2.368617
9ax8up9b5cptf92ueyowam,1188115828315741,48.817905,2.368871
9ax8up9b5cptf92ueyowam,3662717713851172,48.817982,2.369123
9ax8up9b5cptf92ueyowam,391477175192547,48.818062,2.369386
9ax8up9b5cptf92ueyowam,629921618039459,48.81815,2.369664
9ax8up9b5cptf92ueyowam,1415740912128945,48.818256,2.369972
9ax8up9b5cptf92ueyowam,1524791614362502,48.818352,2.370279
9ax8up9b5cptf92ueyowam,1366179190428023,48.818447,2.370577
9ax8up9b5cptf92ueyowam,264181575408805,48.818539,2.370868
9ax8up9b5cptf92ueyowam,321006019454341,48.818626,2.371136
9ax8up9b5cptf92ueyowam,796257344356661,48.818714,2.3714
9ax8up9b5cptf92ueyowam,366401518132175,48.818798,2.37165
9ax8up9b5cptf92ueyowam,2553369268304554,48.818878,2.371894
9ax8up9b5cptf92ueyowam,4386864868013423,48.818951,2.372123
9ax8up9b5cptf92ueyowam,502256380914262,48.819019,2.37233
9ax8up9b5cptf92ueyowam,167622581922350,48.819077,2.372506
9ax8up9b5cptf92ueyowam,820154022183377,48.819118,2.372636
9ax8up9b5cptf92ueyowam,913237129456840,48.819134,2.372674
9ax8up9b5cptf92ueyowam,1633472293510163,48.819134,2.372682
9ax8up9b5cptf92ueyowam,1367298400316815,48.819134939997,2.37268875
9ax8up9b5cptf92ueyowam,175694057754413,48.819136809979,2.37269425
9ax8up9b5cptf92ueyowam,506550304037258,48.81914525,2.372719
9ax8up9b5cptf92ueyowam,3994988383870579,48.819147129993,2.3727245000386
9ax8up9b5cptf92ueyowam,315555413287376,48.819149,2.37273
9ax8up9b5cptf92ueyowam,284865393267843,48.819183,2.372823
9ax8up9b5cptf92ueyowam,474625953776689,48.819229,2.372912
9ax8up9b5cptf92ueyowam,183525523633299,48.819275,2.372982
9ax8up9b5cptf92ueyowam,763095064386552,48.819294,2.373038
9ax8up9b5cptf92ueyowam,184296340210112,48.819302,2.373055
9ax8up9b5cptf92ueyowam,205295027893374,48.819301750005,2.373088500036
9ax8up9b5cptf92ueyowam,164696375579421,48.819309250023,2.3731034999401
9ax8up9b5cptf92ueyowam,957533321753648,48.819328,2.373153
9ax8up9b5cptf92ueyowam,790433094997224,48.819359,2.373241
9ax8up9b5cptf92ueyowam,475502393738234,48.819372,2.37327
9ax8up9b5cptf92ueyowam,109255151213336,48.819378,2.373299
9ax8up9b5cptf92ueyowam,903413606898373,48.819408,2.373384
9ax8up9b5cptf92ueyowam,3996619397051443,48.819443,2.373489
9ax8up9b5cptf92ueyowam,1087648448380152,48.819477,2.373596
9ax8up9b5cptf92ueyowam,575674879991853,48.819546,2.373785
9ax8up9b5cptf92ueyowam,2903439226566033,48.819618,2.374031
9ax8up9b5cptf92ueyowam,476150540364415,48.819691,2.374259
9ax8up9b5cptf92ueyowam,488098638907626,48.819752,2.374468
9ax8up9b5cptf92ueyowam,487213199362920,48.819809,2.374657
9ax8up9b5cptf92ueyowam,792265741411442,48.819862,2.374825
9ax8up9b5cptf92ueyowam,474288107020100,48.819916,2.374989
9ax8up9b5cptf92ueyowam,378987183373238,48.819954,2.375124
9ax8up9b5cptf92ueyowam,292789105726578,48.819981,2.375184
9ax8up9b5cptf92ueyowam,1786759238160783,48.8199845,2.3751905
9ax8up9b5cptf92ueyowam,153273766740039,48.819988,2.375197
9ax8up9b5cptf92ueyowam,293767115700943,48.819996,2.375223
9ax8up9b5cptf92ueyowam,512549863080596,48.820007,2.375272
9ax8up9b5cptf92ueyowam,1127146464452679,48.820026,2.375326
9ax8up9b5cptf92ueyowam,216491276551990,48.820038,2.37538
9ax8up9b5cptf92ueyowam,161637089297079,48.820057,2.375428
9ax8up9b5cptf92ueyowam,452495652513568,48.820072,2.375464
9ax8up9b5cptf92ueyowam,172855778081741,48.820084,2.37551
9ax8up9b5cptf92ueyowam,166545122056536,48.820099,2.375557
9ax8up9b5cptf92ueyowam,420766565626135,48.820114,2.375611
9ax8up9b5cptf92ueyowam,779289332778109,48.820126,2.375667
9ax8up9b5cptf92ueyowam,897247260826601,48.820133,2.3757090000751
9ax8up9b5cptf92ueyowam,470213507579398,48.820145,2.375747
9ax8up9b5cptf92ueyowam,461721888459248,48.820156,2.375792
9ax8up9b5cptf92ueyowam,131483455679824,48.820175,2.375844
9ax8up9b5cptf92ueyowam,371271054318957,48.820202,2.375905
9ax8up9b5cptf92ueyowam,766032040729561,48.820232,2.37599
9ax8up9b5cptf92ueyowam,897773007738013,48.820274,2.376102
9ax8up9b5cptf92ueyowam,815356429073262,48.820324,2.376216
9ax8up9b5cptf92ueyowam,142482964523408,48.820374,2.376334
9ax8up9b5cptf92ueyowam,328182851984266,48.820423,2.376451
9ax8up9b5cptf92ueyowam,2551949921768027,48.820461,2.376547
9ax8up9b5cptf92ueyowam,317304876440079,48.820503,2.376644
9ax8up9b5cptf92ueyowam,482802663058024,48.820545,2.3767529999084
9ax8up9b5cptf92ueyowam,293656652370186,48.820602,2.376898
9ax8up9b5cptf92ueyowam,755445021823048,48.820652,2.377046
9ax8up9b5cptf92ueyowam,4218506348212737,48.82069,2.377188
9ax8up9b5cptf92ueyowam,492092482146342,48.820732,2.377311
9ax8up9b5cptf92ueyowam,1110596146115524,48.820763,2.377391
9ax8up9b5cptf92ueyowam,306265511017244,48.820801,2.377467000068
9ax8up9b5cptf92ueyowam,542463030074309,48.82082,2.377546
9ax8up9b5cptf92ueyowam,195148889107364,48.820839,2.377628
9ax8up9b5cptf92ueyowam,362842255157549,48.820873,2.377723
9ax8up9b5cptf92ueyowam,367368601336505,48.820915,2.3778690000783
9ax8up9b5cptf92ueyowam,286724776391982,48.820984,2.37804
9ax8up9b5cptf92ueyowam,458195491908343,48.821049,2.378217
9ax8up9b5cptf92ueyowam,291816499085274,48.821125,2.378414
9ax8up9b5cptf92ueyowam,470979180887733,48.821205,2.378607
9ax8up9b5cptf92ueyowam,174224521270352,48.821301,2.378781
9ax8up9b5cptf92ueyowam,1053610355162310,48.821392,2.3789470001217
9ax8up9b5cptf92ueyowam,760333318178402,48.821495,2.37912
9ax8up9b5cptf92ueyowam,240211724514323,48.821617,2.379306
9ax8up9b5cptf92ueyowam,289641436131202,48.821754,2.379508
9ax8up9b5cptf92ueyowam,470500400724849,48.821896,2.379742
9ax8up9b5cptf92ueyowam,461178434972686,48.822048,2.379977
9ax8up9b5cptf92ueyowam,1894917174002768,48.822197,2.380217
9ax8up9b5cptf92ueyowam,106230501550723,48.822346,2.380468
9ax8up9b5cptf92ueyowam,491729795283117,48.822498,2.380721
9ax8up9b5cptf92ueyowam,1710768412454145,48.822659,2.38097
9ax8up9b5cptf92ueyowam,2120710254746536,48.822815,2.381221
9ax8up9b5cptf92ueyowam,302032514635220,48.822971,2.3814809998555
9ax8up9b5cptf92ueyowam,207397210938350,48.823116,2.381724
9ax8up9b5cptf92ueyowam,2014678282014106,48.823265,2.381971
9ax8up9b5cptf92ueyowam,214726470084105,48.823406,2.382214
9ax8up9b5cptf92ueyowam,473567740647190,48.823544,2.382435
9ax8up9b5cptf92ueyowam,2626436220987157,48.823635,2.382584
9ax8up9b5cptf92ueyowam,169814825044173,48.8237,2.382698
9ax8up9b5cptf92ueyowam,944892806246461,48.823761,2.382804
9ax8up9b5cptf92ueyowam,816988632356699,48.823822,2.3829090001426
9ax8up9b5cptf92ueyowam,170611191607274,48.823872,2.382988
9ax8up9b5cptf92ueyowam,1094259177724186,48.823917,2.383062
9ax8up9b5cptf92ueyowam,3829588373754975,48.823967,2.383136
9ax8up9b5cptf92ueyowam,1157087281421484,48.824013,2.3832190001039
9ax8up9b5cptf92ueyowam,518284829196895,48.824081,2.383334
9ax8up9b5cptf92ueyowam,283872706696213,48.824158,2.383477
9ax8up9b5cptf92ueyowam,314941856859242,48.824226,2.383597
9ax8up9b5cptf92ueyowam,1150400648811883,48.824328999932,2.383764
9ax8up9b5cptf92ueyowam,513596089817178,48.824387,2.383847
9ax8up9b5cptf92ueyowam,2834845566736867,48.824448,2.383937
9ax8up9b5cptf92ueyowam,503581070775680,48.824512,2.38404
9ax8up9b5cptf92ueyowam,483863532735708,48.824596,2.384178
9ax8up9b5cptf92ueyowam,177753317539672,48.824703,2.384375
9ax8up9b5cptf92ueyowam,167851968562756,48.824833,2.384609
9ax8up9b5cptf92ueyowam,4065931766800576,48.824974,2.384883
9ax8up9b5cptf92ueyowam,557149462357906,48.825110999926,2.385187
9ax8up9b5cptf92ueyowam,304327291259039,48.825245,2.385489
9ax8up9b5cptf92ueyowam,509840650381228,48.825363,2.385794
9ax8up9b5cptf92ueyowam,811872569435363,48.825481,2.386106
9ax8up9b5cptf92ueyowam,258618532712963,48.825592,2.386428
9ax8up9b5cptf92ueyowam,845824802812601,48.825703,2.386751
9ax8up9b5cptf92ueyowam,287440153093586,48.825808999931,2.387078
9ax8up9b5cptf92ueyowam,950749195675554,48.825912,2.387397
9ax8up9b5cptf92ueyowam,1121340821683524,48.826019,2.387713
9ax8up9b5cptf92ueyowam,526035791721496,48.826122,2.388013
9ax8up9b5cptf92ueyowam,195949505541294,48.826225,2.388307
9ax8up9b5cptf92ueyowam,313988440126285,48.826324,2.388595
9ax8up9b5cptf92ueyowam,252387549911018,48.826408,2.38885
9ax8up9b5cptf92ueyowam,296473218587184,48.826481,2.389068
9ax8up9b5cptf92ueyowam,273396144521555,48.82655,2.389271
9ax8up9b5cptf92ueyowam,127679036020654,48.826611,2.389444
9ax8up9b5cptf92ueyowam,2066007136872562,48.82666,2.389594
9ax8up9b5cptf92ueyowam,304927047689104,48.826706,2.38974
9ax8up9b5cptf92ueyowam,970032413768524,48.826752,2.389885
9ax8up9b5cptf92ueyowam,444304313329760,48.826809,2.390051
9ax8up9b5cptf92ueyowam,463999394904197,48.82687,2.390228
9ax8up9b5cptf92ueyowam,1160275077728156,48.826935,2.390408
9ax8up9b5cptf92ueyowam,3415321805235512,48.827,2.390595
9ax8up9b5cptf92ueyowam,488078449292533,48.827057,2.390767
9ax8up9b5cptf92ueyowam,741697346493913,48.827114,2.390933
9ax8up9b5cptf92ueyowam,1191329014651352,48.827164,2.391087
9ax8up9b5cptf92ueyowam,459985448615237,48.827213,2.391236
9ax8up9b5cptf92ueyowam,189122603047688,48.827274,2.39144
9ax8up9b5cptf92ueyowam,2932027137040197,48.82729,2.391505
9ax8up9b5cptf92ueyowam,740886813251207,48.827332,2.391643
9ax8up9b5cptf92ueyowam,468133864476833,48.827362,2.391784
9ax8up9b5cptf92ueyowam,811603092859112,48.827396,2.391945
9ax8up9b5cptf92ueyowam,183762560268645,48.827431,2.3921
9ax8up9b5cptf92ueyowam,295934312152495,48.827457,2.3922430000807
9ax8up9b5cptf92ueyowam,491193262028613,48.82748,2.392381
9ax8up9b5cptf92ueyowam,2026174294189413,48.82749900008,2.3925
9ax8up9b5cptf92ueyowam,789565081692207,48.827515,2.392608
9ax8up9b5cptf92ueyowam,523078455764502,48.827534,2.392741
9ax8up9b5cptf92ueyowam,956334918512661,48.827545,2.392845
9ax8up9b5cptf92ueyowam,5396667400375044,48.827556999897,2.392935
9ax8up9b5cptf92ueyowam,924991341677604,48.827568,2.393037
9ax8up9b5cptf92ueyowam,475662883852018,48.827579,2.393126
9ax8up9b5cptf92ueyowam,2827314144189042,48.82758299993,2.393177
9ax8up9b5cptf92ueyowam,824124675186193,48.82758299993,2.3931826000362
9ax8up9b5cptf92ueyowam,1217582005322662,48.82758299993,2.393191
9ax8up9b5cptf92ueyowam,878094042788934,48.82758299993,2.3932044999796
9ax8up9b5cptf92ueyowam,1433029343727854,48.82758299993,2.393218
9ax8up9b5cptf92ueyowam,314369596721549,48.827590999913,2.393275
9ax8up9b5cptf92ueyowam,793109561596007,48.827595,2.393318
9ax8up9b5cptf92ueyowam,516762319490407,48.827606,2.393384
9ax8up9b5cptf92ueyowam,823287058564089,48.827618,2.393452
9ax8up9b5cptf92ueyowam,781706785794935,48.827625,2.393537
9ax8up9b5cptf92ueyowam,891457311639425,48.827637000101,2.393623
9ax8up9b5cptf92ueyowam,179519074027683,48.827648,2.393704
9ax8up9b5cptf92ueyowam,940731726688253,48.827663,2.393804
9ax8up9b5cptf92ueyowam,776538496389308,48.827675,2.393914
9ax8up9b5cptf92ueyowam,473093931090853,48.827694,2.394052
9ax8up9b5cptf92ueyowam,965890020844932,48.827717,2.394248
9ax8up9b5cptf92ueyowam,449601942757187,48.82774,2.394454
9ax8up9b5cptf92ueyowam,1328769264167926,48.827766,2.39465
9ax8up9b5cptf92ueyowam,502436757550536,48.827789,2.394848
9ax8up9b5cptf92ueyowam,895487067664636,48.827827,2.395099
9ax8up9b5cptf92ueyowam,1811719472335192,48.827873,2.3953869999031
9ax8up9b5cptf92ueyowam,933554120804277,48.82793,2.395655
9ax8up9b5cptf92ueyowam,514132529604805,48.827984,2.395905
9ax8up9b5cptf92ueyowam,605962584131800,48.828045,2.3961709999182
9ax8up9b5cptf92ueyowam,207020457638496,48.828106,2.396442
9ax8up9b5cptf92ueyowam,213449223576239,48.828178,2.396752
9ax8up9b5cptf92ueyowam,333691661588322,48.828251,2.39706
9ax8up9b5cptf92ueyowam,489755432446201,48.828323,2.397388999889
9ax8up9b5cptf92ueyowam,852566388942939,48.828396,2.397705
9ax8up9b5cptf92ueyowam,460367235267404,48.828472,2.398048
9ax8up9b5cptf92ueyowam,823287474958774,48.828548,2.398387
9ax8up9b5cptf92ueyowam,303382297957811,48.828629,2.398744
9ax8up9b5cptf92ueyowam,511804396508498,48.828705,2.399089
9ax8up9b5cptf92ueyowam,492951578712820,48.828781,2.399411
9ax8up9b5cptf92ueyowam,193814069227006,48.828857,2.399682
9ax8up9b5cptf92ueyowam,177718344244627,48.828922,2.399904
9ax8up9b5cptf92ueyowam,329300648585255,48.828976,2.400058
9ax8up9b5cptf92ueyowam,1143176089442183,48.829018,2.400187
9ax8up9b5cptf92ueyowam,877500272828777,48.82906,2.4003
9ax8up9b5cptf92ueyowam,893541854542862,48.829098,2.400392
9ax8up9b5cptf92ueyowam,161051085940066,48.829132,2.400473
9ax8up9b5cptf92ueyowam,490907658770379,48.829166,2.400561
9ax8up9b5cptf92ueyowam,1051353258975587,48.829205,2.40065
9ax8up9b5cptf92ueyowam,829677794299130,48.829247,2.400741
9ax8up9b5cptf92ueyowam,1444673439208231,48.829296,2.400839
9ax8up9b5cptf92ueyowam,523174988702229,48.829330500123,2.4009215
9ax8up9b5cptf92ueyowam,4629080497108437,48.829369,2.401
9ax8up9b5cptf92ueyowam,1391984861159565,48.829411,2.401081
9ax8up9b5cptf92ueyowam,370794304257787,48.829453,2.401158
9ax8up9b5cptf92ueyowam,1090381951454110,48.829494,2.401232
9ax8up9b5cptf92ueyowam,479428413277198,48.82954,2.401305
9ax8up9b5cptf92ueyowam,138242388282919,48.829581390032,2.4013656100002
9ax8up9b5cptf92ueyowam,511926196611399,48.829622790005,2.4014262099974
9ax8up9b5cptf92ueyowam,3185252635038929,48.829664179997,2.4014868199958
9ax8up9b5cptf92ueyowam,214903596729477,48.829705580029,2.4015474199991
9ax8up9b5cptf92ueyowam,597522401207960,48.829746969985,2.401608029999
9ax8up9b5cptf92ueyowam,788428108481407,48.82978836,2.4016686400149
9ax8up9b5cptf92ueyowam,301264111411308,48.829829759978,2.4017292399948
9ax8up9b5cptf92ueyowam,842039423065229,48.829871149943,2.4017898500039
9ax8up9b5cptf92ueyowam,1806813826140459,48.829912550005,2.4018504499958
9ax8up9b5cptf92ueyowam,145590530852713,48.829953939909,2.4019110599962
9ax8up9b5cptf92ueyowam,4317393574959909,48.829995330012,2.4019716700057
9ax8up9b5cptf92ueyowam,296305162090869,48.830036730018,2.4020322700047
9ax8up9b5cptf92ueyowam,363910181732080,48.830078119956,2.4020928800197
9ax8up9b5cptf92ueyowam,735780553756940,48.83011952003,2.4021534799834
9ax8up9b5cptf92ueyowam,203748471389030,48.830160909974,2.4022140900011
9ax8up9b5cptf92ueyowam,218332696330629,48.830202299968,2.4022747000035
9ax8up9b5cptf92ueyowam,915335342638449,48.830284,2.402393
9ax8up9b5cptf92ueyowam,137672778334276,48.830399,2.402556
9ax8up9b5cptf92ueyowam,1979037075567767,48.830536,2.40276
9ax8up9b5cptf92ueyowam,256966786165497,48.830669000099,2.402961
9ax8up9b5cptf92ueyowam,912001042927224,48.830811,2.403188
9ax8up9b5cptf92ueyowam,3972596326109777,48.830948,2.403415
9ax8up9b5cptf92ueyowam,149147427161356,48.831089,2.40364
9ax8up9b5cptf92ueyowam,2925907031015541,48.831226,2.403882
9ax8up9b5cptf92ueyowam,191199182846326,48.831375,2.404132
9ax8up9b5cptf92ueyowam,922425188592260,48.831535,2.404406
9ax8up9b5cptf92ueyowam,343924433731743,48.831703,2.404697
9ax8up9b5cptf92ueyowam,487963672545572,48.83187,2.4049823799985
9ax8up9b5cptf92ueyowam,294056028856291,48.832036,2.40526112999
9ax8up9b5cptf92ueyowam,301559161528908,48.832202,2.4055398699521
9ax8up9b5cptf92ueyowam,176900307620847,48.832368,2.4058186199899
9ax8up9b5cptf92ueyowam,1424480721229322,48.832539,2.4061
9ax8up9b5cptf92ueyowam,907722069804974,48.832676,2.406351
9ax8up9b5cptf92ueyowam,248152423650933,48.832808999901,2.406574
9ax8up9b5cptf92ueyowam,739287336751033,48.832924,2.406776
9ax8up9b5cptf92ueyowam,1380515228998617,48.833012,2.406939
9ax8up9b5cptf92ueyowam,761561761208637,48.833084,2.407088
9ax8up9b5cptf92ueyowam,213569303547711,48.833140999866,2.407213
9ax8up9b5cptf92ueyowam,848336109362358,48.833195,2.407331
9ax8up9b5cptf92ueyowam,2079143382226828,48.833262999842,2.407486
9ax8up9b5cptf92ueyowam,296209492125599,48.833282,2.407532999932
9ax8up9b5cptf92ueyowam,783778785666835,48.833321000112,2.407628
9ax8up9b5cptf92ueyowam,517537399264221,48.833355,2.407722
9ax8up9b5cptf92ueyowam,1490130991324247,48.833393,2.407815
9ax8up9b5cptf92ueyowam,170982521576003,48.833424,2.407897
9ax8up9b5cptf92ueyowam,3755847087859336,48.833447,2.407961
9ax8up9b5cptf92ueyowam,3117127815238803,48.833473,2.408029
9ax8up9b5cptf92ueyowam,2036822569814463,48.833515,2.408139
9ax8up9b5cptf92ueyowam,797398337849848,48.833569,2.408305
9ax8up9b5cptf92ueyowam,1780170168829812,48.833637,2.408494
9ax8up9b5cptf92ueyowam,206778931003706,48.8337103,2.4086771300448
9ax8up9b5cptf92ueyowam,315298113295552,48.833783609999,2.4088602599814
9ax8up9b5cptf92ueyowam,813047665998126,48.83385691,2.4090433900025
9ax8up9b5cptf92ueyowam,897107607810158,48.833930219996,2.4092265200078
9ax8up9b5cptf92ueyowam,282924113516433,48.834003520003,2.4094096499746
9ax8up9b5cptf92ueyowam,2974115726211269,48.834076830006,2.4095927799638
9ax8up9b5cptf92ueyowam,1652239901631014,48.834150129999,2.4097759099991
9ax8up9b5cptf92ueyowam,1392039647823075,48.83422343,2.4099590400369
9ax8up9b5cptf92ueyowam,799321087665328,48.834296739993,2.4101421699993
9ax8up9b5cptf92ueyowam,764042607590183,48.83437004,2.4103253000099
9ax8up9b5cptf92ueyowam,222083523020531,48.834443350003,2.4105084299262
9ax8up9b5cptf92ueyowam,368759254488390,48.834515,2.410648
9ax8up9b5cptf92ueyowam,163078752404680,48.834579,2.410779
9ax8up9b5cptf92ueyowam,143156694439046,48.834629,2.410894
9ax8up9b5cptf92ueyowam,749478242289113,48.834648,2.410935
9ax8up9b5cptf92ueyowam,3577505345807029,48.834652,2.410948
9ax8up9b5cptf92ueyowam,182786110371257,48.834654669997,2.4109526699029
9ax8up9b5cptf92ueyowam,1142834352813662,48.834657330009,2.4109573299535
9ax8up9b5cptf92ueyowam,4439000852786279,48.83466,2.410962
9ax8up9b5cptf92ueyowam,209567977437821,48.834686,2.411005
9ax8up9b5cptf92ueyowam,296965161872935,48.834732,2.411069
9ax8up9b5cptf92ueyowam,511816626508870,48.834766,2.411122
9ax8up9b5cptf92ueyowam,197699128839792,48.834824,2.411189
9ax8up9b5cptf92ueyowam,1007224990047764,48.834892,2.411279
9ax8up9b5cptf92ueyowam,369179354456578,48.834969,2.411371
9ax8up9b5cptf92ueyowam,960046798114297,48.835037,2.411464
9ax8up9b5cptf92ueyowam,473966590588388,48.835148,2.41158
9ax8up9b5cptf92ueyowam,299344118391699,48.83527,2.4117
9ax8up9b5cptf92ueyowam,794569028108139,48.835377,2.411818
9ax8up9b5cptf92ueyowam,1120051525161007,48.835514,2.411932
9ax8up9b5cptf92ueyowam,1465286403812308,48.835663,2.412053
9ax8up9b5cptf92ueyowam,262039505606422,48.835808,2.412156
9ax8up9b5cptf92ueyowam,531982334469962,48.835976,2.412254
9ax8up9b5cptf92ueyowam,486586816093566,48.836151,2.412338
9ax8up9b5cptf92ueyowam,295512795484926,48.836346,2.412425
9ax8up9b5cptf92ueyowam,275256024249021,48.836544,2.412503
9ax8up9b5cptf92ueyowam,536199107766387,48.836739,2.412571
9ax8up9b5cptf92ueyowam,975083349899649,48.836918,2.412636
9ax8up9b5cptf92ueyowam,458463471889464,48.837112,2.4127
9ax8up9b5cptf92ueyowam,311182653862116,48.837311,2.412767
9ax8up9b5cptf92ueyowam,843086016308287,48.837502,2.412832
9ax8up9b5cptf92ueyowam,141857961181294,48.837692,2.41289
9ax8up9b5cptf92ueyowam,294144752206264,48.837891,2.4129610000673
9ax8up9b5cptf92ueyowam,305583067838337,48.838081,2.413021
9ax8up9b5cptf92ueyowam,330251485200724,48.83828,2.4130829998974
9ax8up9b5cptf92ueyowam,149998987088578,48.838467,2.4131369998761
9ax8up9b5cptf92ueyowam,1155068878251597,48.838661,2.413191
9ax8up9b5cptf92ueyowam,511762823311253,48.838856,2.413245
9ax8up9b5cptf92ueyowam,778262189724862,48.839046,2.413301
9ax8up9b5cptf92ueyowam,289674119485105,48.839218,2.413347
9ax8up9b5cptf92ueyowam,472257583986447,48.839378,2.413394
9ax8up9b5cptf92ueyowam,747451489260510,48.839527,2.413437000123
9ax8up9b5cptf92ueyowam,158626426192151,48.839672,2.4134790000919
9ax8up9b5cptf92ueyowam,138052941571510,48.839817,2.413527
9ax8up9b5cptf92ueyowam,219805036259300,48.839958,2.413572
9ax8up9b5cptf92ueyowam,1156575118123268,48.840103,2.413599
9ax8up9b5cptf92ueyowam,979946839076996,48.840252,2.413629
9ax8up9b5cptf92ueyowam,775015516741061,48.840389,2.413652
9ax8up9b5cptf92ueyowam,376402016942730,48.840515,2.413673
9ax8up9b5cptf92ueyowam,364477925311064,48.840637000069,2.413695
9ax8up9b5cptf92ueyowam,3679945868782629,48.840755,2.413713
9ax8up9b5cptf92ueyowam,4108971849194911,48.84087,2.413725
9ax8up9b5cptf92ueyowam,320344423020870,48.841,2.413732
9ax8up9b5cptf92ueyowam,314214340277275,48.841145,2.413743
9ax8up9b5cptf92ueyowam,2607199909573731,48.841293,2.413754
9ax8up9b5cptf92ueyowam,323003859344690,48.84145,2.4137709998841
9ax8up9b5cptf92ueyowam,1186450405148605,48.841621,2.41378
9ax8up9b5cptf92ueyowam,901780907279719,48.841816,2.413799
9ax8up9b5cptf92ueyowam,1661855957341466,48.84201,2.413817
9ax8up9b5cptf92ueyowam,1804170713097800,48.842205,2.413834
9ax8up9b5cptf92ueyowam,4017276328315457,48.842407,2.41385
9ax8up9b5cptf92ueyowam,747366732604085,48.842602,2.413867
9ax8up9b5cptf92ueyowam,131452738920424,48.842793,2.413883
9ax8up9b5cptf92ueyowam,1143486699408892,48.842964,2.413898
9ax8up9b5cptf92ueyowam,472795780503069,48.843204,2.413922
9ax8up9b5cptf92ueyowam,731686397509578,48.843277,2.41393
9ax8up9b5cptf92ueyowam,221502606408184,48.84343,2.413948
9ax8up9b5cptf92ueyowam,1110534009413057,48.843582,2.413971
9ax8up9b5cptf92ueyowam,174786681176862,48.84375,2.414
9ax8up9b5cptf92ueyowam,785066175476860,48.843922,2.414034
9ax8up9b5cptf92ueyowam,301254601632477,48.844112,2.414074
9ax8up9b5cptf92ueyowam,1160523074437369,48.844292,2.414111
9ax8up9b5cptf92ueyowam,989340578137146,48.844471,2.414147
9ax8up9b5cptf92ueyowam,459786821977359,48.844658,2.414189
9ax8up9b5cptf92ueyowam,378870760081616,48.844868,2.414233
9ax8up9b5cptf92ueyowam,855606141712794,48.845085,2.414278
9ax8up9b5cptf92ueyowam,931829124247819,48.845306,2.414328
9ax8up9b5cptf92ueyowam,310948067088728,48.845740999922,2.414415
9ax8up9b5cptf92ueyowam,5677500852292460,48.84597,2.414465
9ax8up9b5cptf92ueyowam,4096136887092729,48.846226,2.414515
9ax8up9b5cptf92ueyowam,298810421686446,48.84647,2.4145669999123
9ax8up9b5cptf92ueyowam,2587494538211226,48.846714,2.414616
9ax8up9b5cptf92ueyowam,1746299782219290,48.846928,2.414663
9ax8up9b5cptf92ueyowam,219371629636710,48.847137,2.414705
9ax8up9b5cptf92ueyowam,793295344940740,48.84734,2.4147509999024
9ax8up9b5cptf92ueyowam,526470288353262,48.847527,2.414792
9ax8up9b5cptf92ueyowam,493002921894986,48.847717,2.414828
9ax8up9b5cptf92ueyowam,876800302876860,48.847922999882,2.414862
9ax8up9b5cptf92ueyowam,982134792534342,48.848122,2.414901
9ax8up9b5cptf92ueyowam,504545850735470,48.848324,2.414935
9ax8up9b5cptf92ueyowam,4458934700785226,48.848522,2.414977
9ax8up9b5cptf92ueyowam,567711517524283,48.848713000149,2.415016
9ax8up9b5cptf92ueyowam,455593415529344,48.848915,2.415056
9ax8up9b5cptf92ueyowam,4271537726198019,48.849129,2.415104
9ax8up9b5cptf92ueyowam,920093378790927,48.849346,2.415152
9ax8up9b5cptf92ueyowam,4205810072770842,48.849583,2.415204
9ax8up9b5cptf92ueyowam,295923758852557,48.849826999915,2.4152569999193
9ax8up9b5cptf92ueyowam,3899196766841629,48.850063,2.4153090000806
9ax8up9b5cptf92ueyowam,1688428814682045,48.850327,2.415361000148
9ax8up9b5cptf92ueyowam,545283133125063,48.850605,2.415404
9ax8up9b5cptf92ueyowam,371185717537650,48.850891,2.415422
9ax8up9b5cptf92ueyowam,212048787139704,48.851196,2.415405
9ax8up9b5cptf92ueyowam,941389183349865,48.851501,2.415334
9ax8up9b5cptf92ueyowam,160409789335999,48.851803,2.4152230001297
9ax8up9b5cptf92ueyowam,523829092308624,48.852077,2.4150830001212
9ax8up9b5cptf92ueyowam,1371899266499375,48.852341,2.414939
9ax8up9b5cptf92ueyowam,311345027185373,48.852589,2.41481
9ax8up9b5cptf92ueyowam,314139056838350,48.85284,2.414685
9ax8up9b5cptf92ueyowam,873612053219523,48.853077,2.414555
9ax8up9b5cptf92ueyowam,1271754769906732,48.853317,2.414433
9ax8up9b5cptf92ueyowam,523707755455078,48.853554,2.414333
9ax8up9b5cptf92ueyowam,235369185039941,48.853783,2.414251
9ax8up9b5cptf92ueyowam,152027963530927,48.853985,2.414192
9ax8up9b5cptf92ueyowam,529171438256498,48.854168,2.414148
9ax8up9b5cptf92ueyowam,520842255576293,48.85434,2.414114
9ax8up9b5cptf92ueyowam,507681650391404,48.8545,2.414094
9ax8up9b5cptf92ueyowam,519500916098592,48.854652,2.414076
9ax8up9b5cptf92ueyowam,781765816098348,48.854797,2.414064
9ax8up9b5cptf92ueyowam,892199458003689,48.854923,2.414054
9ax8up9b5cptf92ueyowam,960465088057903,48.855045,2.414056
9ax8up9b5cptf92ueyowam,534399671299009,48.855164,2.41406
9ax8up9b5cptf92ueyowam,520267742308533,48.855282,2.414065
9ax8up9b5cptf92ueyowam,315522983313302,48.855423,2.414071
9ax8up9b5cptf92ueyowam,285504383240454,48.855583,2.414088
9ax8up9b5cptf92ueyowam,2536865809792517,48.855751,2.414105
9ax8up9b5cptf92ueyowam,145156544173480,48.855927,2.414123
9ax8up9b5cptf92ueyowam,2685991095027403,48.856079,2.414142
9ax8up9b5cptf92ueyowam,1916039595226362,48.856228,2.4141569998863
9ax8up9b5cptf92ueyowam,288704252961621,48.856384,2.414169
9ax8up9b5cptf92ueyowam,950665575761454,48.856567,2.414185
9ax8up9b5cptf92ueyowam,1079416055915335,48.85675,2.4141970000955
9ax8up9b5cptf92ueyowam,812272849699504,48.856934,2.4142170001258
9ax8up9b5cptf92ueyowam,966708477432783,48.857121,2.414246
9ax8up9b5cptf92ueyowam,1579944798867063,48.857307,2.414282
9ax8up9b5cptf92ueyowam,353776292746833,48.857506,2.414308
9ax8up9b5cptf92ueyowam,283620743502996,48.857708,2.414336
9ax8up9b5cptf92ueyowam,209516784031966,48.857914,2.414358
9ax8up9b5cptf92ueyowam,161216859281353,48.858124,2.41438
9ax8up9b5cptf92ueyowam,494196788468325,48.858364,2.414397
9ax8up9b5cptf92ueyowam,4488434074535004,48.85862,2.414398
9ax8up9b5cptf92ueyowam,2884502168440503,48.85886,2.41439
9ax8up9b5cptf92ueyowam,523618642327574,48.859089,2.414375
9ax8up9b5cptf92ueyowam,416175306118971,48.85931,2.414356999913
9ax8up9b5cptf92ueyowam,212055953815270,48.859509000094,2.4143290001293
9ax8up9b5cptf92ueyowam,1019589431909064,48.859695,2.414302
9ax8up9b5cptf92ueyowam,191964646093788,48.859875,2.414272
9ax8up9b5cptf92ueyowam,312658053830209,48.860035,2.414247
9ax8up9b5cptf92ueyowam,920306972126572,48.860195,2.414225
9ax8up9b5cptf92ueyowam,777478396471860,48.860355,2.414198
9ax8up9b5cptf92ueyowam,1197720834001443,48.860516,2.41417
9ax8up9b5cptf92ueyowam,296077588671273,48.860695,2.414144
9ax8up9b5cptf92ueyowam,2958437637747127,48.860976999933,2.4140990000862
9ax8up9b5cptf92ueyowam,288218729647213,48.861069,2.414083
9ax8up9b5cptf92ueyowam,303979824519143,48.861252,2.4140509998817
9ax8up9b5cptf92ueyowam,827808941237825,48.861443,2.414037
9ax8up9b5cptf92ueyowam,1051325285360626,48.861637,2.414033
9ax8up9b5cptf92ueyowam,4352173774815076,48.861832,2.414032
9ax8up9b5cptf92ueyowam,495614468251969,48.862048999904,2.414032
9ax8up9b5cptf92ueyowam,177644417561229,48.862278,2.4140389999035
9ax8up9b5cptf92ueyowam,2895175297389983,48.862518,2.4140509998817
9ax8up9b5cptf92ueyowam,612584046804837,48.862766,2.414062999877
9ax8up9b5cptf92ueyowam,954635415349222,48.863152,2.414078
9ax8up9b5cptf92ueyowam,211042153932705,48.86327,2.4140869999232
9ax8up9b5cptf92ueyowam,375528917116992,48.863503,2.414111
9ax8up9b5cptf92ueyowam,310226763801825,48.86372,2.41418
9ax8up9b5cptf92ueyowam,303501164612673,48.863941,2.414324
9ax8up9b5cptf92ueyowam,3842780479123460,48.864136,2.414519
9ax8up9b5cptf92ueyowam,524143365632368,48.8643,2.414757
9ax8up9b5cptf92ueyowam,375950320381351,48.864433,2.415009
9ax8up9b5cptf92ueyowam,608614196768046,48.864559,2.415291
9ax8up9b5cptf92ueyowam,148861087211873,48.864685,2.415579
9ax8up9b5cptf92ueyowam,151300050278366,48.864806999916,2.415894
9ax8up9b5cptf92ueyowam,3015864205362806,48.864937,2.416233
9ax8up9b5cptf92ueyowam,486526136114853,48.865051,2.416612
9ax8up9b5cptf92ueyowam,493589281686061,48.865124,2.416987
9ax8up9b5cptf92ueyowam,941706556646312,48.865177,2.417388
9ax8up9b5cptf92ueyowam,374019520635000,48.865204,2.41779
9ax8up9b5cptf92ueyowam,280861807045556,48.865215,2.418178
9ax8up9b5cptf92ueyowam,685987595451657,48.865231,2.418562
9ax8up9b5cptf92ueyowam,800065070625156,48.865256999919,2.418981
9ax8up9b5cptf92ueyowam,1133861717125716,48.865318,2.419428
9ax8up9b5cptf92ueyowam,127935989362305,48.865406,2.419901
9ax8up9b5cptf92ueyowam,526555391688113,48.865512999883,2.420396
9ax8up9b5cptf92ueyowam,492569915203954,48.86562,2.420872
9ax8up9b5cptf92ueyowam,526693904988859,48.865726,2.42132
9ax8up9b5cptf92ueyowam,944606569706166,48.865832999867,2.421774
9ax8up9b5cptf92ueyowam,4051588061569124,48.865936,2.422191
9ax8up9b5cptf92ueyowam,461957471547476,48.866035,2.422609
9ax8up9b5cptf92ueyowam,152605603475069,48.866131,2.423032
